64.020 1.573717
64.030 1.574212
64.040 1.573246
64.050 1.576031
64.060 1.576735
64.070 1.577561
64.080 1.575471
64.090 1.573816
64.100 1.574492
64.110 1.575544
64.120 1.573067
64.130 1.573065
64.140 1.571626
64.150 1.573251
64.160 1.574496
64.171 1.573157
64.181 1.573337
64.191 1.574203
64.201 1.575349
64.211 1.573431
64.221 1.574306
64.231 1.575365
64.241 1.576626
64.251 1.574882
64.261 1.574115
64.271 1.574283
64.281 1.574383
64.291 1.574479
64.301 1.574591
64.311 1.573827
64.321 1.573835
64.331 1.573441
64.342 1.573159
64.352 1.573639
64.362 1.573455
64.372 1.573637
64.382 1.573825
64.392 1.574680
64.402 1.574203
64.412 1.574595
64.422 1.574603
64.432 1.573158
64.442 1.575855
64.452 1.574110
64.462 1.573251
64.472 1.572963
64.482 1.574114
64.492 1.572485
64.502 1.573148
64.512 1.572676
64.522 1.573813
64.532 1.573726
64.542 1.573629
64.552 1.573919
64.562 1.576803
64.572 1.575255
64.582 1.574980
64.592 1.574202
64.602 1.573822
64.612 1.574115
64.622 1.573832
64.632 1.574115
64.642 1.573451
64.652 1.573056
64.662 1.573535
64.672 1.573256
64.683 1.572198
64.693 1.574109
64.703 1.575269
64.713 1.574389
64.723 1.574969
64.733 1.575663
64.743 1.574407
64.753 1.574584
64.763 1.573825
64.773 1.574010
64.783 1.573722
64.793 1.572575
64.803 1.570575
64.813 1.573537
64.823 1.573632
64.833 1.572292
64.843 1.571912
64.854 1.573539
64.864 1.574307
64.874 1.575763
64.884 1.575443
64.894 1.575649
64.904 1.575160
64.914 1.574303
64.924 1.573927
64.934 1.574698
64.944 1.573357
64.954 1.574385
64.964 1.573062
64.974 1.572677
64.984 1.572955
64.994 1.573068
65.004 1.573437
65.014 1.572579
65.024 1.573434
65.034 1.576391
65.044 1.575452
65.054 1.574765
65.064 1.575545
65.074 1.575550
65.084 1.576199
65.094 1.573916
65.104 1.574399
65.114 1.574219
65.124 1.574598
65.134 1.572778
65.144 1.573158
65.154 1.572009
65.164 1.573634
65.174 1.573827
65.184 1.573536
65.195 1.573727
65.205 1.575353
65.215 1.573813
65.225 1.575157
65.235 1.575070
65.245 1.573825
65.255 1.575257
65.265 1.574879
65.275 1.573441
65.285 1.572671
65.295 1.574863
65.305 1.574010
65.315 1.573818
65.325 1.573831
65.335 1.573638
65.345 1.574404
65.355 1.573925
65.366 1.573728
65.376 1.573538
65.386 1.575735
65.396 1.574677
65.406 1.573814
65.416 1.575438
65.426 1.574490
65.436 1.574785
65.446 1.574787
65.456 1.573066
65.466 1.574782
65.476 1.573445
65.486 1.573541
65.496 1.572966
65.506 1.574210
65.516 1.573728
65.526 1.574007
65.536 1.574099
65.546 1.574290
65.556 1.573352
65.566 1.575553
65.576 1.575359
65.586 1.574110
65.596 1.575049
65.606 1.573823
65.616 1.574483
65.626 1.573441
65.636 1.573535
65.646 1.574010
65.656 1.574778
65.666 1.574121
65.676 1.573732
65.686 1.573067
65.696 1.574029
65.707 1.573257
65.717 1.573348
65.727 1.573151
65.737 1.574307
65.747 1.575556
65.757 1.575649
65.767 1.575549
65.777 1.574591
65.787 1.574020
65.797 1.574205
65.807 1.574508
65.817 1.573541
65.827 1.573058
65.837 1.571814
65.847 1.573050
65.857 1.572861
65.867 1.573729
65.878 1.574115
65.888 1.573541
65.898 1.574303
65.908 1.573635
65.918 1.574014
65.928 1.574409
65.938 1.574408
65.948 1.575353
65.958 1.575551
65.968 1.574020
65.978 1.574505
65.988 1.574610
65.998 1.573840
66.008 1.575185
66.018 1.574027
66.028 1.574307
66.038 1.574205
66.048 1.574492
66.058 1.574396
66.068 1.573726
66.078 1.573825
66.088 1.573350
66.098 1.574397
66.108 1.573637
66.118 1.574117
66.128 1.574393
66.138 1.574207
66.148 1.574966
66.158 1.574773
66.168 1.574868
66.178 1.574307
66.188 1.575180
66.198 1.573362
66.208 1.573553
66.219 1.572584
66.229 1.573255
66.239 1.574403
66.249 1.574110
66.259 1.574109
66.269 1.573447
66.279 1.573637
66.289 1.573740
66.299 1.573359
66.309 1.575876
66.319 1.576010
66.329 1.574038
66.339 1.573624
66.349 1.574589
66.359 1.575134
66.369 1.572296
66.379 1.575614
66.390 1.573546
66.400 1.572675
66.410 1.573731
66.420 1.574610
66.430 1.573254
66.440 1.572777
66.450 1.574784
66.460 1.575437
66.470 1.574953
66.480 1.574586
66.490 1.574590
66.500 1.574977
66.510 1.574797
66.520 1.574603
66.530 1.573930
66.540 1.573637
66.550 1.572865
66.560 1.573725
66.570 1.574207
66.580 1.573916
66.590 1.572579
66.600 1.574303
66.610 1.573926
66.620 1.573442
66.630 1.574775
66.640 1.574303
66.650 1.572674
66.660 1.574874
66.670 1.574971
66.680 1.574878
66.690 1.574584
66.700 1.573541
66.710 1.573541
66.720 1.574213
66.731 1.572772
66.741 1.572392
66.751 1.572487
66.761 1.574015
66.771 1.573822
66.781 1.571528
66.791 1.573917
66.801 1.575940
66.811 1.574883
66.821 1.575074
66.831 1.575563
66.841 1.574988
66.851 1.576889
66.861 1.575066
66.871 1.572864
66.881 1.573527
66.891 1.573436
66.902 1.573052
66.912 1.572680
66.922 1.573935
66.932 1.573165
66.942 1.575572
66.952 1.575554
66.962 1.573532
66.972 1.574483
66.982 1.574197
66.992 1.573822
67.002 1.575272
67.012 1.575646
67.022 1.575854
67.032 1.575082
67.042 1.574303
67.052 1.572487
67.062 1.573249
67.072 1.572962
67.082 1.574399
67.092 1.573438
67.102 1.574771
67.112 1.574491
67.122 1.573827
67.132 1.574504
67.142 1.574878
67.152 1.573721
67.162 1.574101
67.172 1.574109
67.182 1.573157
67.192 1.574205
67.202 1.574213
67.212 1.574112
67.222 1.574109
67.232 1.573251
67.243 1.574205
67.253 1.574968
67.263 1.573817
67.273 1.573923
67.283 1.574861
67.293 1.573343
67.303 1.571145
67.313 1.577441
67.323 1.575357
67.333 1.573831
67.343 1.573553
67.353 1.573920
67.363 1.575560
67.373 1.581838
67.383 1.574596
67.393 1.568576
67.403 1.566282
67.414 1.572669
67.424 1.581170
67.434 1.577197
67.444 1.568431
67.454 1.579961
67.464 1.581717
67.474 1.563283
67.484 1.567276
67.494 1.571623
67.504 1.573616
67.514 1.575555
67.524 1.573641
67.534 1.574519
67.544 1.579049
67.554 1.579240
67.564 1.576586
67.574 1.576466
67.584 1.572094
67.594 1.573220
67.604 1.568787
67.614 1.569240
67.624 1.574699
67.634 1.577280
67.644 1.575583
67.654 1.574783
67.664 1.573353
67.674 1.573919
67.684 1.577639
67.694 1.576495
67.704 1.574767
67.714 1.571528
67.724 1.571242
67.734 1.575151
67.744 1.573726
67.755 1.573436
67.765 1.574016
67.775 1.572963
67.785 1.572573
67.795 1.571242
67.805 1.569820
67.815 1.568671
67.825 1.577605
67.835 1.574497
67.845 1.577160
67.855 1.580649
67.865 1.578131
67.875 1.577105
67.885 1.577055
67.895 1.571433
67.905 1.568125
67.915 1.569162
67.926 1.569911
67.936 1.559104
67.946 1.586869
67.956 1.590749
67.966 1.569041
67.976 1.562010
67.986 1.567451
67.996 1.594254
68.006 1.580782
68.016 1.567900
68.026 1.569046
68.036 1.573536
68.046 1.575246
68.056 1.571529
68.066 1.568966
68.076 1.574098
68.086 1.578700
68.096 1.578474
68.106 1.575653
68.116 1.573834
68.126 1.571624
68.136 1.572973
68.146 1.576119
68.156 1.582026
68.166 1.577338
68.176 1.565336
68.186 1.568286
68.196 1.579876
68.206 1.573532
68.216 1.575129
68.226 1.573143
68.236 1.575257
68.246 1.581449
68.256 1.577392
68.267 1.572679
68.277 1.568937
68.287 1.570007
68.297 1.571719
68.307 1.572764
68.317 1.574967
68.327 1.573431
68.337 1.572484
68.347 1.577858
68.357 1.577634
68.367 1.576644
68.377 1.574024
68.387 1.570373
68.397 1.570287
68.407 1.574103
68.417 1.574452
68.427 1.572760
68.438 1.574115
68.448 1.577450
68.458 1.579411
68.468 1.574504
68.478 1.572678
68.488 1.573912
68.498 1.572388
68.508 1.569811
68.518 1.571053
68.528 1.572760
68.538 1.572861
68.548 1.573439
68.558 1.575283
68.568 1.574702
68.578 1.574905
68.588 1.562577
68.598 1.575536
68.608 1.574099
68.618 1.572198
68.628 1.578254
68.638 1.580104
68.648 1.574135
68.658 1.566084
68.668 1.567269
68.678 1.571563
68.688 1.570225
68.698 1.573377
68.708 1.578539
68.718 1.574248
68.728 1.574437
68.738 1.572908
68.748 1.570795
68.758 1.573589
68.768 1.573954
68.779 1.571853
1.306 1.573721
1.316 1.573820
1.326 1.573154
1.336 1.574298
1.346 1.575650
1.356 1.575354
1.366 1.574493
1.376 1.575085
1.386 1.574024
1.396 1.574891
1.406 1.574304
1.416 1.573154
1.426 1.573342
1.436 1.574020
1.446 1.573445
1.456 1.574591
1.466 1.573161
1.476 1.573826
1.486 1.573345
1.496 1.574295
1.506 1.574490
1.516 1.573718
1.526 1.573246
1.536 1.574874
1.546 1.573245
1.556 1.575052
1.566 1.574209
1.576 1.574791
1.586 1.574593
1.596 1.574405
1.606 1.572294
1.616 1.573537
1.626 1.573816
1.636 1.573347
1.646 1.575272
1.656 1.574023
1.666 1.574402
1.676 1.574504
1.686 1.574219
1.696 1.575561
1.707 1.575934
1.717 1.574208
1.727 1.573060
1.737 1.573624
1.747 1.573057
1.757 1.574013
1.767 1.573249
1.777 1.574113
1.787 1.573535
1.797 1.574010
1.807 1.574007
1.817 1.573821
1.827 1.574203
1.837 1.574970
1.847 1.573249
1.857 1.574769
1.867 1.574015
1.878 1.574400
1.888 1.573548
1.898 1.575168
1.908 1.573352
1.918 1.574304
1.928 1.574024
1.938 1.573630
1.948 1.573729
1.958 1.574123
1.968 1.574124
1.978 1.574497
1.988 1.573726
1.998 1.575460
2.008 1.575260
2.018 1.574394
2.028 1.574296
2.038 1.572764
2.048 1.574476
2.058 1.573238
2.068 1.575166
2.078 1.573631
2.088 1.573639
2.098 1.573344
2.108 1.574112
2.118 1.574487
2.128 1.573446
2.138 1.573153
2.148 1.575085
2.158 1.576604
2.168 1.573820
2.178 1.573732
2.188 1.575074
2.198 1.574597
2.208 1.573351
2.219 1.573061
2.229 1.573442
2.239 1.574589
2.249 1.573153
2.259 1.574677
2.269 1.574588
2.279 1.574393
2.289 1.573528
2.299 1.574006
2.309 1.575159
2.319 1.574671
2.329 1.573934
2.339 1.574779
2.349 1.576126
2.359 1.573264
2.369 1.573435
2.379 1.574312
2.390 1.575061
2.400 1.574402
2.410 1.573536
2.420 1.573158
2.430 1.574692
2.440 1.575665
2.450 1.573640
2.460 1.573634
2.470 1.574313
2.480 1.576312
2.490 1.575937
2.500 1.573539
2.510 1.575634
2.520 1.573829
2.530 1.573723
2.540 1.573253
2.550 1.573630
2.560 1.572965
2.570 1.573537
2.580 1.573349
2.590 1.573540
2.600 1.574018
2.610 1.573722
2.620 1.574393
2.630 1.574392
2.640 1.575346
2.650 1.574692
2.660 1.575850
2.670 1.574404
2.680 1.574114
2.690 1.573537
2.700 1.574590
2.710 1.574594
2.720 1.574211
2.731 1.574309
2.741 1.574770
2.751 1.574975
2.761 1.573642
2.771 1.574304
2.781 1.575478
2.791 1.573255
2.801 1.574214
2.811 1.574871
2.821 1.574408
2.831 1.574111
2.841 1.574493
2.851 1.571912
2.861 1.573627
2.871 1.574495
2.881 1.573634
2.891 1.573540
2.902 1.574695
2.912 1.575934
2.922 1.574020
2.932 1.572293
2.942 1.573445
2.952 1.573353
2.962 1.574123
2.972 1.573549
2.982 1.573829
2.992 1.574882
3.002 1.573925
3.012 1.573352
3.022 1.574695
3.032 1.573731
3.042 1.574692
3.052 1.574777
3.062 1.574882
3.072 1.573732
3.082 1.573640
3.092 1.575657
3.102 1.574308
3.112 1.573248
3.122 1.573919
3.132 1.573640
3.142 1.574217
3.152 1.574119
3.162 1.575362
3.172 1.574497
3.182 1.573728
3.192 1.573922
3.202 1.573645
3.212 1.573651
3.222 1.573836
3.232 1.573737
3.243 1.575454
3.253 1.574498
3.263 1.573346
3.273 1.573921
3.283 1.574102
3.293 1.573729
3.303 1.573153
3.313 1.572968
3.323 1.574794
3.333 1.575966
3.343 1.574514
3.353 1.573354
3.363 1.574016
3.373 1.574298
3.383 1.574887
3.393 1.575469
3.403 1.574889
3.414 1.574500
3.424 1.573252
3.434 1.573156
3.444 1.574502
3.454 1.574905
3.464 1.575580
3.474 1.574795
3.484 1.575550
3.494 1.573814
3.504 1.574018
3.514 1.573825
3.524 1.572683
3.534 1.573671
3.544 1.572200
3.554 1.589110
3.564 1.584483
3.574 1.575474
3.584 1.573734
3.594 1.566990
3.604 1.577651
3.614 1.562654
3.624 1.558864
3.634 1.569116
3.644 1.569336
3.654 1.565378
3.664 1.572459
3.674 1.584905
3.684 1.593858
3.694 1.584641
3.704 1.562026
3.714 1.563106
3.724 1.583340
3.734 1.595322
3.744 1.575902
3.755 1.537464
3.765 1.566861
3.775 1.597197
3.785 1.591535
3.795 1.561301
3.805 1.562987
3.815 1.573163
3.825 1.578739
3.835 1.575559
3.845 1.572104
3.855 1.572366
3.865 1.574067
3.875 1.576736
3.885 1.569233
3.895 1.572013
3.905 1.598974
3.915 1.577965
3.926 1.584708
3.936 1.586003
3.946 1.568163
3.956 1.570007
3.966 1.559874
3.976 1.564738
3.986 1.566695
3.996 1.561389
4.006 1.575368
4.016 1.573573
4.026 1.577601
4.036 1.568822
4.046 1.572869
4.056 1.577745
4.066 1.576919
4.076 1.570287
4.086 1.580624
4.096 1.583093
4.106 1.577209
4.116 1.573166
4.126 1.579987
4.136 1.582657
4.146 1.576249
4.156 1.563011
4.166 1.544325
4.176 1.553064
4.186 1.577433
4.196 1.589345
4.206 1.586709
4.216 1.578507
4.226 1.570564
4.236 1.571052
4.246 1.574805
4.256 1.578145
4.267 1.572290
4.277 1.569545
4.287 1.564584
4.297 1.558003
4.307 1.568378
4.317 1.590737
4.327 1.612309
4.337 1.627918
4.347 1.619616
4.357 1.549748
4.367 1.508473
4.377 1.519848
4.387 1.561406
4.397 1.600276
4.407 1.596344
4.417 1.572017
4.427 1.549345
4.438 1.578230
4.448 1.583934
4.458 1.577289
4.468 1.597912
4.478 1.600510
4.488 1.572377
4.498 1.528117
4.508 1.542601
4.518 1.574724
4.528 1.587387
4.538 1.573855
4.548 1.563569
4.558 1.577094
4.568 1.578088
4.578 1.563441
4.588 1.564367
4.598 1.589713
4.608 1.625357
4.618 1.631472
4.628 1.574147
4.638 1.561919
4.648 1.583907
4.658 1.570659
4.668 1.533499
4.678 1.515067
4.688 1.549133
4.698 1.581185
4.708 1.600163
4.718 1.579953
4.728 1.573408
4.738 1.572302
4.748 1.569346
4.758 1.572755
4.768 1.539215
4.779 1.559232
4.789 1.580453
4.799 1.577595
4.809 1.557762
4.819 1.595777
4.829 1.600090
4.839 1.641119
4.849 1.624081
4.859 1.583808
4.869 1.566077
4.879 1.557553
4.889 1.558273
4.899 1.565649
4.909 1.561693
4.919 1.558115
4.929 1.560086
4.939 1.588196
4.950 1.608393
4.960 1.582884
4.970 1.563447
4.980 1.561369
4.990 1.546342
5.000 1.579791
5.010 1.582531
5.020 1.566364
5.030 1.570186
5.040 1.576097
5.050 1.564562
5.060 1.561357
5.070 1.567953
5.080 1.579015
5.090 1.597458
5.100 1.605724
5.110 1.591558
5.120 1.563863
5.130 1.518731
5.140 1.536777
5.150 1.595340
5.160 1.637109
5.170 1.602870
5.180 1.567137
5.190 1.558778
5.200 1.543469
5.210 1.538658
5.220 1.557264
5.230 1.557948
5.240 1.548647
5.250 1.553386
5.260 1.528418
5.270 1.526415
5.280 1.680172
5.291 1.696797
5.301 1.630958
5.311 1.566783
5.321 1.557647
5.331 1.588221
5.341 1.600895
5.351 1.602165
5.361 1.615177
5.371 1.577445
5.381 1.500531
5.391 1.489769
5.401 1.529430
5.411 1.548130
5.421 1.608414
5.431 1.613502
5.441 1.573090
5.451 1.570437
5.462 1.578844
5.472 1.571300
5.482 1.573913
5.492 1.564108
5.502 1.572261
5.512 1.585486
5.522 1.586756
5.532 1.588475
5.542 1.596231
5.552 1.606820
5.562 1.596144
5.572 1.605455
5.582 1.622284
5.592 1.615745
5.602 1.596453
5.612 1.581741
5.622 1.534298
5.632 1.522435
5.642 1.524328
5.652 1.588674
5.662 1.592364
5.672 1.615154
5.682 1.608410
5.692 1.584382
5.702 1.534224
5.712 1.512532
5.722 1.521164
5.732 1.563313
5.742 1.612758
5.752 1.623945
5.762 1.623182
5.772 1.625913
5.782 1.642593
5.792 1.614969
5.803 1.550734
5.813 1.514321
5.823 1.544721
5.833 1.556591
5.843 1.547885
5.853 1.639302
5.863 1.646876
5.873 1.619002
5.883 1.534008
5.893 1.594861
5.903 1.600746
5.913 1.556995
5.923 1.531350
5.933 1.547549
5.943 1.562824
5.953 1.554342
5.963 1.577178
5.974 1.577650
5.984 1.584392
5.994 1.579410
6.004 1.574195
6.014 1.602234
6.024 1.620486
6.034 1.578973
6.044 1.530875
6.054 1.535481
6.064 1.549883
6.074 1.578657
6.084 1.608278
6.094 1.615292
6.104 1.620227
6.114 1.618472
6.124 1.575589
6.134 1.604827
6.144 1.586740
6.154 1.578526
6.164 1.569252
6.174 1.577290
6.184 1.585826
6.194 1.594811
6.204 1.601391
6.214 1.613844
6.224 1.623004
6.234 1.632097
6.244 1.634228
6.254 1.670296
6.264 1.594327
6.274 1.586373
6.284 1.639039
6.294 1.628339
6.304 1.613703
6.315 1.622888
6.325 1.614263
6.335 1.633828
6.345 1.653173
6.355 1.648626
6.365 1.656944
6.375 1.668494
6.385 1.631376
6.395 1.650653
6.405 1.660711
6.415 1.670839
6.425 1.660910
6.435 1.682907
6.445 1.707886
6.455 1.691878
6.465 1.722180
6.475 1.749974
6.486 1.752649
6.496 1.739241
6.506 1.760247
6.516 1.837061
6.526 1.877402
6.536 1.870350
6.546 1.863603
6.556 1.834716
6.566 1.833390
6.576 1.837876
6.586 1.860152
6.596 1.889458
6.606 1.906990
6.616 1.918841
6.626 1.915506
6.636 1.919257
6.646 1.917224
6.656 1.918720
6.666 1.938109
6.676 1.922610
6.686 1.918438
6.696 1.910927
6.706 1.895020
6.716 1.917931
6.726 1.945600
6.736 1.971851
6.746 1.980910
6.756 2.006555
6.766 2.025463
6.776 2.041506
6.786 2.033075
6.796 2.019437
6.806 2.013273
6.816 1.990920
6.827 1.998435
6.837 2.020915
6.847 2.065404
6.857 2.177995
6.867 2.177356
6.877 2.122852
6.887 2.116864
6.897 1.999835
6.907 2.013140
6.917 2.063462
6.927 2.215826
6.937 2.168986
6.947 2.239499
6.957 2.209129
6.967 2.350714
6.977 2.121770
6.987 2.012800
6.998 2.039966
7.008 2.107867
7.018 2.136346
7.028 2.102305
7.038 2.009164
7.048 2.242395
7.058 2.418880
7.068 2.409642
7.078 2.310547
7.088 2.350775
7.098 2.236338
7.108 2.322534
7.118 2.332758
7.128 2.460905
7.138 2.418358
7.148 2.286683
7.158 2.213687
7.168 2.202189
7.178 2.221154
7.188 2.181965
7.198 2.183561
7.208 2.190905
7.218 2.177548
7.228 2.161178
7.238 2.173480
7.248 2.185624
7.258 2.214872
7.268 2.246273
7.278 2.163177
7.288 2.163821
7.298 2.187611
7.308 2.182336
7.318 2.163635
7.328 2.182475
7.339 2.275004
7.349 2.307757
7.359 2.386950
7.369 2.340996
7.379 2.287747
7.389 2.275991
7.399 2.306045
7.409 2.418224
7.419 2.429728
7.429 2.381434
7.439 2.321473
7.449 2.284176
7.459 2.293012
7.469 2.345064
7.479 2.408585
7.489 2.331270
7.499 2.324597
7.510 2.327132
7.520 2.318736
7.530 2.360626
7.540 2.462814
7.550 2.371440
7.560 2.333400
7.570 2.355757
7.580 2.331024
7.590 2.351731
7.600 2.359703
7.610 2.384234
7.620 2.376029
7.630 2.410750
7.640 2.441820
7.650 2.438610
7.660 2.451372
7.670 2.438610
7.680 2.416252
7.690 2.363153
7.700 2.376005
7.710 2.446979
7.720 2.472645
7.730 2.493040
7.740 2.470441
7.750 2.461412
7.760 2.482106
7.770 2.496342
7.780 2.350644
7.790 2.255364
7.800 2.383624
7.810 2.657006
7.820 2.710036
7.830 2.613215
7.840 2.536784
7.851 2.207982
7.861 2.265851
7.871 2.421449
7.881 2.637473
7.891 2.711088
7.901 2.590794
7.911 2.580600
7.921 2.755781
7.931 2.426398
7.941 2.480726
7.951 2.568770
7.961 2.627906
7.971 2.576900
7.981 2.544082
7.991 2.502635
8.001 2.572000
8.011 2.586934
8.022 2.628776
8.032 2.627889
8.042 2.610700
8.052 2.579290
8.062 2.570665
8.072 2.609299
8.082 2.601765
8.092 2.578176
8.102 2.556750
8.112 2.582877
8.122 2.561366
8.132 2.538739
8.142 2.569303
8.152 2.639903
8.162 2.675678
8.172 2.661876
8.182 2.646922
8.192 2.634261
8.202 2.618059
8.212 2.643761
8.222 2.645795
8.232 2.616850
8.242 2.608032
8.252 2.613000
8.262 2.619711
8.272 2.638530
8.282 2.662570
8.292 2.678209
8.302 2.696896
8.312 2.701732
8.322 2.704970
8.332 2.690880
8.342 2.684470
8.352 2.682262
8.363 2.683456
8.373 2.692234
8.383 2.716149
8.393 2.733592
8.403 2.749267
8.413 2.778225
8.423 2.819286
8.433 2.844538
8.443 2.873023
8.453 2.879400
8.463 2.883860
8.473 2.870157
8.483 2.863632
8.493 2.857900
8.503 2.886940
8.513 2.905205
8.523 2.908274
8.534 2.929676
8.544 2.907079
8.554 2.880096
8.564 2.909287
8.574 2.932936
8.584 2.931915
8.594 2.951216
8.604 2.976803
8.614 2.978066
8.624 2.993270
8.634 3.022679
8.644 3.057037
8.654 3.060610
8.664 3.058784
8.674 3.046771
8.684 3.058918
8.694 3.052885
8.704 3.054369
8.714 3.089420
8.724 3.064886
8.734 3.064836
8.744 3.084344
8.754 3.102109
8.764 3.095472
8.774 3.108787
8.784 3.124718
8.794 3.153276
8.804 3.185762
8.814 3.205702
8.824 3.212574
8.834 3.215188
8.844 3.200894
8.854 3.137724
8.864 3.100934
8.875 3.079196
8.885 3.074586
8.895 3.100241
8.905 3.105733
8.915 3.126105
8.925 3.148200
8.935 3.163980
8.945 3.145199
8.955 3.126499
8.965 3.090410
8.975 3.069674
8.985 3.053553
8.995 3.054104
9.005 3.065546
9.015 3.052526
9.025 3.014383
9.035 2.982815
9.046 3.003664
9.056 3.040609
9.066 3.063899
9.076 3.062727
9.086 3.069881
9.096 3.055534
9.106 3.034631
9.116 3.016307
9.126 3.005450
9.136 3.020763
9.146 3.040198
9.156 3.036022
9.166 3.052055
9.176 3.074161
9.186 3.083140
9.196 3.035806
9.206 3.082061
9.216 3.108704
9.226 3.069075
9.236 3.033433
9.246 3.042910
9.256 3.043807
9.266 3.034735
9.276 3.013279
9.286 2.991141
9.296 3.003970
9.306 3.043554
9.316 3.050958
9.326 3.060438
9.336 3.055319
9.346 3.040355
9.356 3.026484
9.366 3.009572
9.376 2.992845
9.387 2.977277
9.397 2.968013
9.407 2.970714
9.417 2.966045
9.427 2.972470
9.437 2.974919
9.447 2.941236
9.457 2.916275
9.467 2.890023
9.477 2.886665
9.487 2.882341
9.497 2.889889
9.507 2.904958
9.517 2.936408
9.527 2.962405
9.537 2.963202
9.547 2.927714
9.558 2.897694
9.568 2.873924
9.578 2.882472
9.588 2.932014
9.598 2.961422
9.608 2.979059
9.618 2.939589
9.628 2.913304
9.638 2.898835
9.648 2.910420
9.658 2.922442
9.668 2.949037
9.678 2.972088
9.688 2.981461
9.698 2.942122
9.708 2.932112
9.718 2.986016
9.728 3.038799
9.738 3.044302
9.748 2.968088
9.758 2.906598
9.768 2.914782
9.778 2.952617
9.788 2.976783
9.798 3.027909
9.808 3.037985
9.818 3.026193
9.828 3.010654
9.838 2.993620
9.848 2.986776
9.858 3.034296
9.868 3.084249
9.878 3.084671
9.888 3.074008
9.899 3.089037
9.909 3.070191
9.919 3.060948
9.929 3.072264
9.939 3.091536
9.949 3.121290
9.959 3.143128
9.969 3.164755
9.979 3.177342
9.989 3.171404
9.999 3.146764
10.009 3.143214
10.019 3.144992
10.029 3.156415
10.039 3.155306
10.049 3.189441
10.059 3.194447
10.070 3.181693
10.080 3.175304
10.090 3.242452
10.100 3.198062
10.110 3.206675
10.120 3.237827
10.130 3.247973
10.140 3.254372
10.150 3.241374
10.160 3.227286
10.170 3.213958
10.180 3.219541
10.190 3.243527
10.200 3.277681
10.210 3.276221
10.220 3.213700
10.230 3.173234
10.240 3.155432
10.250 3.199850
10.260 3.251281
10.270 3.290583
10.280 3.281944
10.290 3.262651
10.300 3.250535
10.310 3.245964
10.320 3.247812
10.330 3.246256
10.340 3.225136
10.350 3.197496
10.360 3.205862
10.370 3.238094
10.380 3.272358
10.390 3.285274
10.400 3.267460
10.411 3.194303
10.421 3.130630
10.431 3.114261
10.441 3.131114
10.451 3.141896
10.461 3.142395
10.471 3.129584
10.481 3.126057
10.491 3.150455
10.501 3.185540
10.511 3.199730
10.521 3.186625
10.531 3.168920
10.541 3.142147
10.551 3.123092
10.561 3.113554
10.571 3.087424
10.582 3.056725
10.592 3.047254
10.602 3.086123
10.612 3.100482
10.622 3.090402
10.632 3.036039
10.642 2.979372
10.652 2.989527
10.662 3.022521
10.672 3.022714
10.682 3.001448
10.692 2.968145
10.702 2.971851
10.712 2.987394
10.722 3.032272
10.732 3.096564
10.742 3.133641
10.752 3.083594
10.762 3.048794
10.772 3.031846
10.782 2.995041
10.792 2.998436
10.802 2.997052
10.812 3.012863
10.822 3.038269
10.832 3.057559
10.842 3.070771
10.852 3.053664
10.862 3.012095
10.872 2.998558
10.882 2.996631
10.892 2.994668
10.902 3.004742
10.912 3.027354
10.923 3.044387
10.933 3.033834
10.943 3.051162
10.953 3.112406
10.963 3.128812
10.973 3.123901
10.983 3.097912
10.993 3.060645
11.003 3.037164
11.013 3.035154
11.023 3.053169
11.033 3.082445
11.043 3.127174
11.053 3.114661
11.063 3.092847
11.073 3.071319
11.083 3.044444
11.094 3.061928
11.104 3.095672
11.114 3.130554
11.124 3.156498
11.134 3.187357
11.144 3.210472
11.154 3.202723
11.164 3.158796
11.174 3.140339
11.184 3.146169
11.194 3.123554
11.204 3.117473
11.214 3.148864
11.224 3.164992
11.234 3.166018
11.244 3.142713
11.254 3.120655
11.264 3.089562
11.274 3.062658
11.284 3.074895
11.294 3.120209
11.304 3.169851
11.314 3.181413
11.324 3.198283
11.334 3.187208
11.344 3.179228
11.354 3.163269
11.364 3.161978
11.374 3.169429
11.384 3.155313
11.394 3.170916
11.404 3.201889
11.414 3.212067
11.424 3.197117
11.435 3.177493
11.445 3.185447
11.455 3.178789
11.465 3.133997
11.475 3.105568
11.485 3.097096
11.495 3.123452
11.505 3.163366
11.515 3.193163
11.525 3.195007
11.535 3.184398
11.545 3.187053
11.555 3.191334
11.565 3.189032
11.575 3.176572
11.585 3.133145
11.595 3.106443
11.606 3.094771
11.616 3.140631
11.626 3.182382
11.636 3.188899
11.646 3.155365
11.656 3.117646
11.666 3.090742
11.676 3.059526
11.686 3.045390
11.696 3.057919
11.706 3.069190
11.716 3.107841
11.726 3.147601
11.736 3.166735
11.746 3.178220
11.756 3.185355
11.766 3.174267
11.776 3.163648
11.786 3.162116
11.796 3.162577
11.806 3.161144
11.816 3.185062
11.826 3.200753
11.836 3.230110
11.846 3.217891
11.856 3.195996
11.866 3.188543
11.876 3.174515
11.886 3.139292
11.896 3.130682
11.906 3.154587
11.916 3.174991
11.926 3.205118
11.936 3.246044
11.947 3.281236
11.957 3.262063
11.967 3.220702
11.977 3.203637
11.987 3.225807
11.997 3.244288
12.007 3.276362
12.017 3.297665
12.027 3.309395
12.037 3.338541
12.047 3.353274
12.057 3.357537
12.067 3.370146
12.077 3.366631
12.087 3.340638
12.097 3.345355
12.107 3.372538
12.118 3.401895
12.128 3.435945
12.138 3.437027
12.148 3.433856
12.158 3.424871
12.168 3.399045
12.178 3.406655
12.188 3.437538
12.198 3.464755
12.208 3.479385
12.218 3.495048
12.228 3.513233
12.238 3.534612
12.248 3.538648
12.258 3.527209
12.268 3.470739
12.278 3.434439
12.288 3.469825
12.298 3.529534
12.308 3.578250
12.318 3.597341
12.328 3.596625
12.338 3.580211
12.348 3.614761
12.358 3.680593
12.368 3.691118
12.378 3.668565
12.388 3.649012
12.398 3.645712
12.408 3.667738
12.418 3.689257
12.428 3.685364
12.438 3.605119
12.448 3.555364
12.459 3.567358
12.469 3.595516
12.479 3.601881
12.489 3.588085
12.499 3.593418
12.509 3.588953
12.519 3.584294
12.529 3.596544
12.539 3.620880
12.549 3.663842
12.559 3.669159
12.569 3.658785
12.579 3.616530
12.589 3.571538
12.599 3.569268
12.609 3.601735
12.619 3.600241
12.630 3.602824
12.640 3.575747
12.650 3.540768
12.660 3.506353
12.670 3.473354
12.680 3.470354
12.690 3.458281
12.700 3.455754
12.710 3.448222
12.720 3.433699
12.730 3.445488
12.740 3.447002
12.750 3.410693
12.760 3.352930
12.770 3.314146
12.780 3.287343
12.790 3.299564
12.800 3.303891
12.810 3.273435
12.820 3.240169
12.830 3.165247
12.840 3.133810
12.850 3.119545
12.860 3.116048
12.870 3.138067
12.880 3.121620
12.890 3.079310
12.900 3.053789
12.910 3.036841
12.920 3.008155
12.930 2.942059
12.940 2.905362
12.950 2.895217
12.960 2.909872
12.971 2.930315
12.981 2.952861
12.991 2.965533
13.001 2.964298
13.011 2.904812
13.021 2.863808
13.031 2.782042
13.041 2.772097
13.051 2.789216
13.061 2.805484
13.071 2.824355
13.081 2.802331
13.091 2.789254
13.101 2.763800
13.111 2.719767
13.121 2.686390
13.131 2.669786
13.142 2.668786
13.152 2.665989
13.162 2.673415
13.172 2.691117
13.182 2.695132
13.192 2.690551
13.202 2.648558
13.212 2.644837
13.222 2.632896
13.232 2.640975
13.242 2.663916
13.252 2.689666
13.262 2.715018
13.272 2.734715
13.282 2.752935
13.292 2.739387
13.302 2.724756
13.312 2.708908
13.322 2.711821
13.332 2.724857
13.342 2.732830
13.352 2.752378
13.362 2.774220
13.372 2.795070
13.382 2.816141
13.392 2.817924
13.402 2.816078
13.412 2.783491
13.422 2.822216
13.432 2.856218
13.442 2.889516
13.452 2.929382
13.462 2.968845
13.472 2.987660
13.483 3.009529
13.493 3.025844
13.503 3.028324
13.513 3.031528
13.523 3.041843
13.533 3.074490
13.543 3.110469
13.553 3.149636
13.563 3.171308
13.573 3.190819
13.583 3.203016
13.593 3.220942
13.603 3.244956
13.613 3.254424
13.623 3.266595
13.633 3.293935
13.643 3.312667
13.654 3.324293
13.664 3.342400
13.674 3.342037
13.684 3.349464
13.694 3.353157
13.704 3.358790
13.714 3.384510
13.724 3.413608
13.734 3.441314
13.744 3.468370
13.754 3.473787
13.764 3.462111
13.774 3.463644
13.784 3.477274
13.794 3.495857
13.804 3.508925
13.814 3.520460
13.824 3.521862
13.834 3.515637
13.844 3.500844
13.854 3.495475
13.864 3.496120
13.874 3.510495
13.884 3.530960
13.894 3.546710
13.904 3.551409
13.914 3.541203
13.924 3.523911
13.934 3.520851
13.944 3.512267
13.954 3.506825
13.964 3.506511
13.974 3.501908
13.984 3.496118
13.995 3.500679
14.005 3.492236
14.015 3.462625
14.025 3.441756
14.035 3.436541
14.045 3.433712
14.055 3.428493
14.065 3.400621
14.075 3.395760
14.085 3.375525
14.095 3.365571
14.105 3.357061
14.115 3.349145
14.125 3.324999
14.135 3.295203
14.145 3.263521
14.155 3.228508
14.166 3.215455
14.176 3.200521
14.186 3.195450
14.196 3.189424
14.206 3.177561
14.216 3.163820
14.226 3.129689
14.236 3.113871
14.246 3.078605
14.256 3.055285
14.266 3.047832
14.276 3.051372
14.286 3.042255
14.296 3.013172
14.306 2.984080
14.316 2.951412
14.326 2.933984
14.336 2.935797
14.346 2.936390
14.356 2.932404
14.366 2.930422
14.376 2.936537
14.386 2.933091
14.396 2.900555
14.406 2.875101
14.416 2.855328
14.426 2.847209
14.436 2.889482
14.446 2.887835
14.456 2.846769
14.466 2.795298
14.476 2.787335
14.486 2.764441
14.496 2.784581
14.507 2.823753
14.517 2.823529
14.527 2.816706
14.537 2.770820
14.547 2.708071
14.557 2.690154
14.567 2.671218
14.577 2.679767
14.587 2.707095
14.597 2.724472
14.607 2.768710
14.617 2.789537
14.627 2.810148
14.637 2.806935
14.647 2.791616
14.657 2.764569
14.667 2.727511
14.678 2.730038
14.688 2.765492
14.698 2.808548
14.708 2.848055
14.718 2.873047
14.728 2.900895
14.738 2.918682
14.748 2.898728
14.758 2.893247
14.768 2.887521
14.778 2.888089
14.788 2.894609
14.798 2.916464
14.808 2.942460
14.818 2.970092
14.828 2.998679
14.838 3.025309
14.848 2.992047
14.858 3.000799
14.868 3.017810
14.878 3.058078
14.888 3.077274
14.898 3.097414
14.908 3.125605
14.918 3.152285
14.928 3.167130
14.938 3.167095
14.948 3.134616
14.958 3.158523
14.968 3.207854
14.978 3.239011
14.988 3.259458
14.998 3.266885
15.008 3.264897
15.019 3.260208
15.029 3.281002
15.039 3.311704
15.049 3.341270
15.059 3.361246
15.069 3.379392
15.079 3.383553
15.089 3.377946
15.099 3.375539
15.109 3.372585
15.119 3.383689
15.129 3.381186
15.139 3.394706
15.149 3.430014
15.159 3.466375
15.169 3.485512
15.179 3.487482
15.190 3.468948
15.200 3.452164
15.210 3.444273
15.220 3.442930
15.230 3.453657
15.240 3.471193
15.250 3.475364
15.260 3.462123
15.270 3.448851
15.280 3.446483
15.290 3.445876
15.300 3.445693
15.310 3.441954
15.320 3.433020
15.330 3.422425
15.340 3.416760
15.350 3.408861
15.360 3.405172
15.370 3.397289
15.380 3.399926
15.390 3.401557
15.400 3.390087
15.410 3.376250
15.420 3.354785
15.430 3.341788
15.440 3.317286
15.450 3.304992
15.460 3.302070
15.470 3.284107
15.480 3.308702
15.490 3.279075
15.500 3.270114
15.510 3.254837
15.520 3.238234
15.531 3.235971
15.541 3.213593
15.551 3.188127
15.561 3.178648
15.571 3.149484
15.581 3.114291
15.591 3.111048
15.601 3.107439
15.611 3.107658
15.621 3.097462
15.631 3.078096
15.641 3.051450
15.651 3.021633
15.661 2.998676
15.671 2.980868
15.681 2.977223
15.691 2.974271
15.702 2.967179
15.712 2.968245
15.722 2.940990
15.732 2.923169
15.742 2.909400
15.752 2.901276
15.762 2.895005
15.772 2.896602
15.782 2.924752
15.792 2.923712
15.802 2.907146
15.812 2.887965
15.822 2.871598
15.832 2.856168
15.842 2.843154
15.852 2.827582
15.862 2.826817
15.872 2.827071
15.882 2.827111
15.892 2.821998
15.902 2.817847
15.912 2.818065
15.922 2.820940
15.932 2.828357
15.942 2.831466
15.952 2.825766
15.962 2.823987
15.972 2.825717
15.982 2.809848
15.992 2.806534
16.002 2.814267
16.012 2.831756
16.022 2.843684
16.032 2.852861
16.043 2.867882
16.053 2.881287
16.063 2.878942
16.073 2.881573
16.083 2.875752
16.093 2.877099
16.103 2.885873
16.113 2.899579
16.123 2.921222
16.133 2.936485
16.143 2.963128
16.153 2.982882
16.163 2.988348
16.173 3.014392
16.183 2.990206
16.193 2.996918
16.203 2.997388
16.214 3.033225
16.224 3.052279
16.234 3.073013
16.244 3.086023
16.254 3.108221
16.264 3.129796
16.274 3.149319
16.284 3.165379
16.294 3.160329
16.304 3.164813
16.314 3.178610
16.324 3.188971
16.334 3.201491
16.344 3.208363
16.354 3.222113
16.364 3.250498
16.374 3.265780
16.384 3.281497
16.394 3.297599
16.404 3.301765
16.414 3.298154
16.424 3.305609
16.434 3.317320
16.444 3.324376
16.454 3.348074
16.464 3.360340
16.474 3.374728
16.484 3.381836
16.494 3.379009
16.504 3.377329
16.514 3.378447
16.524 3.369895
16.534 3.369810
16.544 3.368280
16.555 3.379063
16.565 3.400929
16.575 3.425848
16.585 3.441557
16.595 3.443962
16.605 3.433555
16.615 3.419521
16.625 3.407782
16.635 3.404453
16.645 3.398245
16.655 3.394937
16.665 3.388926
16.675 3.388038
16.685 3.396035
16.695 3.396119
16.705 3.388216
16.715 3.378682
16.726 3.370483
16.736 3.347738
16.746 3.338218
16.756 3.334821
16.766 3.322856
16.776 3.327327
16.786 3.337149
16.796 3.327995
16.806 3.302315
16.816 3.285281
16.826 3.272011
16.836 3.262802
16.846 3.243679
16.856 3.222635
16.866 3.210186
16.876 3.186455
16.886 3.215524
16.896 3.183135
16.906 3.204355
16.916 3.169545
16.926 3.140839
16.936 3.122980
16.946 3.119754
16.956 3.105420
16.966 3.080388
16.976 3.067309
16.986 3.065204
16.996 3.051715
17.006 3.038894
17.016 3.018691
17.026 3.007456
17.036 3.007524
17.046 3.016968
17.056 3.013372
17.067 2.989378
17.077 2.963494
17.087 2.933033
17.097 2.918696
17.107 2.919554
17.117 2.915127
17.127 2.916715
17.137 2.911984
17.147 2.903949
17.157 2.894315
17.167 2.887834
17.177 2.886864
17.187 2.875210
17.197 2.865149
17.207 2.856891
17.217 2.875016
17.227 2.880970
17.238 2.880745
17.248 2.881151
17.258 2.869500
17.268 2.868335
17.278 2.875164
17.288 2.869935
17.298 2.862421
17.308 2.855072
17.318 2.858504
17.328 2.858811
17.338 2.856346
17.348 2.870059
17.358 2.878186
17.368 2.878150
17.378 2.887008
17.388 2.891091
17.398 2.894896
17.408 2.894129
17.418 2.894456
17.428 2.904269
17.438 2.924785
17.448 2.937195
17.458 2.946420
17.468 2.956419
17.478 2.971787
17.488 2.982893
17.498 3.003258
17.508 2.998988
17.518 3.035747
17.528 3.001061
17.538 3.042536
17.548 3.042232
17.558 3.035235
17.568 3.057530
17.579 3.083565
17.589 3.111334
17.599 3.117560
17.609 3.122964
17.619 3.117658
17.629 3.130988
17.639 3.142437
17.649 3.159850
17.659 3.168865
17.669 3.185494
17.679 3.205478
17.689 3.219138
17.699 3.228806
17.709 3.238661
17.719 3.246892
17.729 3.259663
17.739 3.275243
17.750 3.285995
17.760 3.289102
17.770 3.281855
17.780 3.290327
17.790 3.315573
17.800 3.327078
17.810 3.329028
17.820 3.328915
17.830 3.318850
17.840 3.318471
17.850 3.321267
17.860 3.338179
17.870 3.355603
17.880 3.359171
17.890 3.372460
17.900 3.376942
17.910 3.378146
17.920 3.372624
17.930 3.361447
17.940 3.358213
17.950 3.356549
17.960 3.359967
17.970 3.359481
17.980 3.356704
17.990 3.357167
18.000 3.359864
18.010 3.353784
18.020 3.351929
18.030 3.342153
18.040 3.334204
18.050 3.331080
18.060 3.330261
18.070 3.311201
18.080 3.309140
18.091 3.312637
18.101 3.307613
18.111 3.303339
18.121 3.290410
18.131 3.272790
18.141 3.256755
18.151 3.256146
18.161 3.263789
18.171 3.261846
18.181 3.255286
18.191 3.239639
18.201 3.230176
18.211 3.213625
18.221 3.206591
18.231 3.199478
18.241 3.185993
18.251 3.169644
18.262 3.153416
18.272 3.138681
18.282 3.125413
18.292 3.110798
18.302 3.101917
18.312 3.097618
18.322 3.094213
18.332 3.086591
18.342 3.077958
18.352 3.069413
18.362 3.054818
18.372 3.044490
18.382 3.035738
18.392 3.028662
18.402 3.001085
18.412 2.998096
18.422 2.994623
18.432 2.995693
18.442 2.989633
18.452 2.980472
18.462 2.970921
18.472 2.959531
18.482 2.947882
18.492 2.933814
18.502 2.919744
18.512 2.907389
18.522 2.908071
18.532 2.914150
18.542 2.919453
18.552 2.920104
18.562 2.918812
18.572 2.912060
18.582 2.901726
18.592 2.898628
18.603 2.895737
18.613 2.890853
18.623 2.894010
18.633 2.895180
18.643 2.906956
18.653 2.918703
18.663 2.922185
18.673 2.922497
18.683 2.922967
18.693 2.922025
18.703 2.919944
18.713 2.919023
18.723 2.908206
18.733 2.907762
18.743 2.917870
18.753 2.944179
18.763 2.954849
18.774 2.964611
18.784 2.971732
18.794 2.985865
18.804 2.992312
18.814 2.999862
18.824 3.005569
18.834 3.000655
18.844 2.996662
18.854 3.005611
18.864 3.020169
18.874 3.069622
18.884 3.064115
18.894 3.052506
18.904 3.080221
18.914 3.082407
18.924 3.100108
18.934 3.103994
18.944 3.116065
18.954 3.123050
18.964 3.136013
18.974 3.138909
18.984 3.145894
18.994 3.161888
19.004 3.170901
19.014 3.188789
19.024 3.197116
19.034 3.203266
19.044 3.207808
19.054 3.208887
19.064 3.212581
19.074 3.226216
19.084 3.245221
19.094 3.253527
19.104 3.275631
19.115 3.281592
19.125 3.281702
19.135 3.285767
19.145 3.284731
19.155 3.280609
19.165 3.283912
19.175 3.293942
19.185 3.300606
19.195 3.308085
19.205 3.317076
19.215 3.324474
19.225 3.326231
19.235 3.320552
19.245 3.317255
19.255 3.311304
19.265 3.317805
19.275 3.330316
19.286 3.335545
19.296 3.326636
19.306 3.323740
19.316 3.323987
19.326 3.318942
19.336 3.317263
19.346 3.313262
19.356 3.303169
19.366 3.300421
19.376 3.297933
19.386 3.299302
19.396 3.302812
19.406 3.298291
19.416 3.276210
19.426 3.265908
19.436 3.266918
19.446 3.268211
19.456 3.263535
19.466 3.256669
19.476 3.253802
19.486 3.246382
19.496 3.242814
19.506 3.232835
19.516 3.216630
19.526 3.201906
19.536 3.195947
19.546 3.167273
19.556 3.182417
19.566 3.171404
19.576 3.167569
19.586 3.151994
19.596 3.140328
19.606 3.126492
19.616 3.105674
19.627 3.092897
19.637 3.092386
19.647 3.094498
19.657 3.096688
19.667 3.105981
19.677 3.113191
19.687 3.104926
19.697 3.095836
19.707 3.079111
19.717 3.057528
19.727 3.029592
19.737 3.021501
19.747 3.010772
19.757 3.008761
19.767 2.995690
19.777 2.991801
19.787 2.991269
19.798 2.995364
19.808 3.000612
19.818 3.003261
19.828 2.992731
19.838 2.974655
19.848 2.966090
19.858 2.959516
19.868 2.956394
19.878 2.951208
19.888 2.950042
19.898 2.944665
19.908 2.945611
19.918 2.948311
19.928 2.961590
19.938 2.960763
19.948 2.950179
19.958 2.947085
19.968 2.940741
19.978 2.937420
19.988 2.927819
19.998 2.919054
20.008 2.938992
20.018 2.957073
20.028 2.967235
20.038 2.965763
20.048 2.961166
20.058 2.971117
20.068 2.986375
20.078 2.988935
20.088 2.986470
20.098 2.988410
20.108 2.987471
20.118 2.990607
20.128 2.992558
20.139 3.006078
20.149 3.017199
20.159 3.026598
20.169 3.030931
20.179 3.039524
20.189 3.043489
20.199 3.047615
20.209 3.051978
20.219 3.061747
20.229 3.075930
20.239 3.059448
20.249 3.077787
20.259 3.077096
20.269 3.096366
20.279 3.110676
20.289 3.135656
20.299 3.142615
20.310 3.140917
20.320 3.135421
20.330 3.144176
20.340 3.147085
20.350 3.147559
20.360 3.158194
20.370 3.169775
20.380 3.185675
20.390 3.201231
20.400 3.214832
20.410 3.218996
20.420 3.215697
20.430 3.222048
20.440 3.225984
20.450 3.228132
20.460 3.225997
20.470 3.233741
20.480 3.234687
20.490 3.253176
20.500 3.268419
20.510 3.276029
20.520 3.278796
20.530 3.278032
20.540 3.271771
20.550 3.267664
20.560 3.270367
20.570 3.263181
20.580 3.267719
20.590 3.274784
20.600 3.288730
20.610 3.296151
20.620 3.303512
20.630 3.308649
20.640 3.303725
20.651 3.288890
20.661 3.280702
20.671 3.267296
20.681 3.264924
20.691 3.268737
20.701 3.269742
20.711 3.268098
20.721 3.267197
20.731 3.267748
20.741 3.260814
20.751 3.254751
20.761 3.246299
20.771 3.244701
20.781 3.241397
20.791 3.235326
20.801 3.237874
20.811 3.236892
20.822 3.226811
20.832 3.212682
20.842 3.196266
20.852 3.193124
20.862 3.185948
20.872 3.179605
20.882 3.169927
20.892 3.168499
20.902 3.162813
20.912 3.163935
20.922 3.153904
20.932 3.135107
20.942 3.124091
20.952 3.118165
20.962 3.115095
20.972 3.121748
20.982 3.110866
20.992 3.120559
21.002 3.100769
21.012 3.089864
21.022 3.080796
21.032 3.072736
21.042 3.069347
21.052 3.066488
21.062 3.070246
21.072 3.054549
21.082 3.048010
21.092 3.043862
21.102 3.035553
21.112 3.022805
21.122 3.017016
21.132 3.014864
21.142 3.014986
21.152 3.001583
21.163 2.976605
21.173 2.979074
21.183 2.993676
21.193 2.994889
21.203 2.990479
21.213 2.993653
21.223 2.975179
21.233 2.963099
21.243 2.954057
21.253 2.945981
21.263 2.953814
21.273 2.966031
21.283 2.986703
21.293 3.004051
21.303 3.007924
21.313 3.004224
21.323 2.993673
21.334 2.982872
21.344 2.981589
21.354 2.980921
21.364 2.974274
21.374 2.975661
21.384 2.981936
21.394 2.985394
21.404 2.996882
21.414 2.998620
21.424 2.999308
21.434 3.007614
21.444 3.018778
21.454 3.026663
21.464 3.038638
21.474 3.047545
21.484 3.037795
21.494 3.022592
21.504 3.025344
21.514 3.035430
21.524 3.053055
21.534 3.066668
21.544 3.073710
21.554 3.075869
21.564 3.084537
21.574 3.098466
21.584 3.109987
21.594 3.112437
21.604 3.114495
21.614 3.104236
21.624 3.086623
21.634 3.111284
21.644 3.107808
21.654 3.137179
21.664 3.148004
21.675 3.161284
21.685 3.173008
21.695 3.177803
21.705 3.186266
21.715 3.192082
21.725 3.197902
21.735 3.196039
21.745 3.192579
21.755 3.194844
21.765 3.196822
21.775 3.199404
21.785 3.201653
21.795 3.213499
21.805 3.224178
21.815 3.231726
21.825 3.230632
21.835 3.233417
21.846 3.243985
21.856 3.240671
21.866 3.241533
21.876 3.240216
21.886 3.239154
21.896 3.242525
21.906 3.239960
21.916 3.249349
21.926 3.251742
21.936 3.260833
21.946 3.271400
21.956 3.270952
21.966 3.260728
21.976 3.247390
21.986 3.234146
21.996 3.230583
22.006 3.234463
22.016 3.240733
22.026 3.273982
22.036 3.245625
22.046 3.236176
22.056 3.237024
22.066 3.240541
22.076 3.235823
22.086 3.224556
22.096 3.217644
22.106 3.212234
22.116 3.205814
22.126 3.208706
22.136 3.210066
22.146 3.213185
22.156 3.205015
22.166 3.195289
22.176 3.186688
22.187 3.175433
22.197 3.178537
22.207 3.174075
22.217 3.170104
22.227 3.168151
22.237 3.161883
22.247 3.156196
22.257 3.154706
22.267 3.153928
22.277 3.156541
22.287 3.117773
22.297 3.118444
22.307 3.106808
22.317 3.120031
22.327 3.119556
22.337 3.117790
22.347 3.107662
22.358 3.090705
22.368 3.074136
22.378 3.070116
22.388 3.061748
22.398 3.056699
22.408 3.059207
22.418 3.055757
22.428 3.051667
22.438 3.050613
22.448 3.046376
22.458 3.045807
22.468 3.039698
22.478 3.039391
22.488 3.028553
22.498 3.018809
22.508 3.015478
22.518 3.012475
22.528 3.008715
22.538 3.007136
22.548 3.006953
22.558 3.002753
22.568 3.008221
22.578 3.014574
22.588 3.016472
22.598 3.012824
22.608 3.006865
22.618 2.997294
22.628 2.989490
22.638 2.987971
22.648 2.996822
22.658 3.001744
22.668 3.006535
22.678 3.012764
22.688 3.010442
22.699 3.010864
22.709 3.012659
22.719 3.014529
22.729 3.018259
22.739 3.015646
22.749 3.018419
22.759 3.019995
22.769 3.021538
22.779 3.034977
22.789 3.045729
22.799 3.054672
22.809 3.059377
22.819 3.062350
22.829 3.066455
22.839 3.070325
22.849 3.069018
22.859 3.070908
22.870 3.074554
22.880 3.076257
22.890 3.075617
22.900 3.082960
22.910 3.097458
22.920 3.110610
22.930 3.118183
22.940 3.125656
22.950 3.127017
22.960 3.124072
22.970 3.118077
22.980 3.114503
22.990 3.119968
23.000 3.128568
23.010 3.139670
23.020 3.155052
23.030 3.153515
23.040 3.169694
23.050 3.172122
23.060 3.192298
23.070 3.190150
23.080 3.177013
23.090 3.173348
23.100 3.169018
23.110 3.175314
23.120 3.186058
23.130 3.193597
23.140 3.199639
23.150 3.203815
23.160 3.205950
23.170 3.209864
23.180 3.215149
23.190 3.216483
23.200 3.219093
23.211 3.222918
23.221 3.226810
23.231 3.223283
23.241 3.217989
23.251 3.218202
23.261 3.222602
23.271 3.229585
23.281 3.229526
23.291 3.227555
23.301 3.222940
23.311 3.218920
23.321 3.215958
23.331 3.225506
23.341 3.229668
23.351 3.231364
23.361 3.228206
23.371 3.220860
23.382 3.214388
23.392 3.200851
23.402 3.199389
23.412 3.194311
23.422 3.186859
23.432 3.195237
23.442 3.198704
23.452 3.184123
23.462 3.182653
23.472 3.191824
23.482 3.195978
23.492 3.203089
23.502 3.195192
23.512 3.182222
23.522 3.164355
23.532 3.144582
23.542 3.144957
23.552 3.136149
23.562 3.145213
23.572 3.145703
23.582 3.149038
23.592 3.150496
23.602 3.148289
23.612 3.146286
23.622 3.135702
23.632 3.121144
23.642 3.108197
23.652 3.102960
23.662 3.090081
23.672 3.099569
23.682 3.101507
23.692 3.107660
23.702 3.102302
23.712 3.098206
23.723 3.092511
23.733 3.083375
23.743 3.062626
23.753 3.057601
23.763 3.055065
23.773 3.063019
23.783 3.061295
23.793 3.056046
23.803 3.049077
23.813 3.044872
23.823 3.046003
23.833 3.044570
23.843 3.040333
23.853 3.038700
23.863 3.030157
23.873 3.024886
23.883 3.023170
23.894 3.026117
23.904 3.031351
23.914 3.031334
23.924 3.038251
23.934 3.030073
23.944 3.024750
23.954 3.020801
23.964 3.020400
23.974 3.019955
23.984 3.025566
23.994 3.030644
24.004 3.036105
24.014 3.034938
24.024 3.031832
24.034 3.035082
24.044 3.040578
24.054 3.040765
24.064 3.035913
24.074 3.034976
24.084 3.033045
24.094 3.044308
24.104 3.053747
24.114 3.065929
24.124 3.070219
24.134 3.073221
24.144 3.075489
24.154 3.071911
24.164 3.070268
24.174 3.071413
24.184 3.079325
24.194 3.085952
24.204 3.089097
24.214 3.095450
24.224 3.103131
24.235 3.119726
24.245 3.123615
24.255 3.098060
24.265 3.103676
24.275 3.097725
24.285 3.099825
24.295 3.113551
24.305 3.123249
24.315 3.125449
24.325 3.127529
24.335 3.147763
24.345 3.159477
24.355 3.165664
24.365 3.176883
24.375 3.179938
24.385 3.171083
24.395 3.167687
24.406 3.169406
24.416 3.167626
24.426 3.175165
24.436 3.179354
24.446 3.180895
24.456 3.184970
24.466 3.184529
24.476 3.186524
24.486 3.193609
24.496 3.201481
24.506 3.205967
24.516 3.206434
24.526 3.199016
24.536 3.186702
24.546 3.184824
24.556 3.192284
24.566 3.198271
24.576 3.204060
24.586 3.204927
24.596 3.207824
24.606 3.208177
24.616 3.205916
24.626 3.204323
24.636 3.199233
24.646 3.196209
24.656 3.193563
24.666 3.195004
24.676 3.193187
24.686 3.194452
24.696 3.200620
24.706 3.202929
24.716 3.201626
24.726 3.198702
24.736 3.193593
24.747 3.187368
24.757 3.184979
24.767 3.185998
24.777 3.182724
24.787 3.187128
24.797 3.185241
24.807 3.176193
24.817 3.169552
24.827 3.161371
24.837 3.152194
24.847 3.148652
24.857 3.141676
24.867 3.144173
24.877 3.157965
24.887 3.159217
24.897 3.154391
24.907 3.149211
24.918 3.140900
24.928 3.132970
24.938 3.127209
24.948 3.117951
24.958 3.112505
24.968 3.115019
24.978 3.111547
24.988 3.109889
24.998 3.100570
25.008 3.093715
25.018 3.087376
25.028 3.086366
25.038 3.082444
25.048 3.082488
25.058 3.079010
25.068 3.075004
25.078 3.072264
25.088 3.073064
25.098 3.068214
25.108 3.069581
25.118 3.071212
25.128 3.057387
25.138 3.052670
25.148 3.045491
25.158 3.045863
25.168 3.047122
25.178 3.055556
25.188 3.057373
25.198 3.055312
25.208 3.049428
25.218 3.048236
25.228 3.047830
25.238 3.053304
25.248 3.051820
25.259 3.052771
25.269 3.054937
25.279 3.062883
25.289 3.059199
25.299 3.050372
25.309 3.044294
25.319 3.042923
25.329 3.049294
25.339 3.057665
25.349 3.060271
25.359 3.068319
25.369 3.072240
25.379 3.069069
25.389 3.064435
25.399 3.053591
25.409 3.053755
25.419 3.044891
25.430 3.049796
25.440 3.059112
25.450 3.068838
25.460 3.079553
25.470 3.088633
25.480 3.094529
25.490 3.091903
25.500 3.094492
25.510 3.089934
25.520 3.087349
25.530 3.087752
25.540 3.088956
25.550 3.095910
25.560 3.094976
25.570 3.102622
25.580 3.096650
25.590 3.091572
25.600 3.106239
25.610 3.117339
25.620 3.134144
25.630 3.142495
25.640 3.141604
25.650 3.139489
25.660 3.142287
25.670 3.140501
25.680 3.145954
25.690 3.146573
25.700 3.151630
25.710 3.159431
25.720 3.169028
25.730 3.178519
25.740 3.182773
25.750 3.179841
25.760 3.176428
25.771 3.167735
25.781 3.160668
25.791 3.157621
25.801 3.158769
25.811 3.174628
25.821 3.181450
25.831 3.195840
25.841 3.200652
25.851 3.199407
25.861 3.190241
25.871 3.184390
25.881 3.189036
25.891 3.195744
25.901 3.198111
25.911 3.192827
25.921 3.170913
25.931 3.163985
25.942 3.178488
25.952 3.184567
25.962 3.191048
25.972 3.197679
25.982 3.183400
25.992 3.177790
26.002 3.177305
26.012 3.180864
26.022 3.183092
26.032 3.181853
26.042 3.180065
26.052 3.176528
26.062 3.172096
26.072 3.172534
26.082 3.172111
26.092 3.171945
26.102 3.173977
26.112 3.173268
26.122 3.165240
26.132 3.164863
26.142 3.165758
26.152 3.150351
26.162 3.136837
26.172 3.130875
26.182 3.137309
26.192 3.140784
26.202 3.144106
26.212 3.140377
26.222 3.132379
26.232 3.127164
26.242 3.118671
26.252 3.112840
26.262 3.111029
26.272 3.111900
26.283 3.117021
26.293 3.122993
26.303 3.119200
26.313 3.112417
26.323 3.109842
26.333 3.112206
26.343 3.109840
26.353 3.102208
26.363 3.090353
26.373 3.077222
26.383 3.070199
26.393 3.069198
26.403 3.078321
26.413 3.092276
26.423 3.093916
26.433 3.082343
26.443 3.071412
26.454 3.067775
26.464 3.066055
26.474 3.062017
26.484 3.063173
26.494 3.062402
26.504 3.060905
26.514 3.061596
26.524 3.067224
26.534 3.068932
26.544 3.067054
26.554 3.063082
26.564 3.059444
26.574 3.061974
26.584 3.061415
26.594 3.056381
26.604 3.055324
26.614 3.054494
26.624 3.057469
26.634 3.065725
26.644 3.066755
26.654 3.072352
26.664 3.075986
26.674 3.073947
26.684 3.069656
26.694 3.061482
26.704 3.059276
26.714 3.057587
26.724 3.064323
26.734 3.070162
26.744 3.072059
26.754 3.077137
26.764 3.078412
26.774 3.081434
26.784 3.088258
26.795 3.088443
26.805 3.087026
26.815 3.087603
26.825 3.091986
26.835 3.100022
26.845 3.102369
26.855 3.101866
26.865 3.100695
26.875 3.102324
26.885 3.108871
26.895 3.116355
26.905 3.122577
26.915 3.129041
26.925 3.130298
26.935 3.130402
26.945 3.120661
26.955 3.121950
26.966 3.121699
26.976 3.132212
26.986 3.149879
26.996 3.155809
27.006 3.152816
27.016 3.152032
27.026 3.162599
27.036 3.166142
27.046 3.166202
27.056 3.166954
27.066 3.157201
27.076 3.153913
27.086 3.150522
27.096 3.151964
27.106 3.152738
27.116 3.158603
27.126 3.170357
27.136 3.175837
27.146 3.177517
27.156 3.179093
27.166 3.179063
27.176 3.177164
27.186 3.174988
27.196 3.170764
27.206 3.173927
27.216 3.173000
27.226 3.170392
27.236 3.173814
27.246 3.174376
27.256 3.173328
27.266 3.172740
27.276 3.169231
27.286 3.167863
27.296 3.166269
27.307 3.159065
27.317 3.159084
27.327 3.168589
27.337 3.179651
27.347 3.183406
27.357 3.173475
27.367 3.164203
27.377 3.170355
27.387 3.165076
27.397 3.161182
27.407 3.154824
27.417 3.140197
27.427 3.129784
27.437 3.133726
27.447 3.143584
27.457 3.151518
27.467 3.154559
27.478 3.151148
27.488 3.143035
27.498 3.135126
27.508 3.126052
27.518 3.136844
27.528 3.136189
27.538 3.129761
27.548 3.127320
27.558 3.123418
27.568 3.119901
27.578 3.112102
27.588 3.107715
27.598 3.100918
27.608 3.101033
27.618 3.100699
27.628 3.099462
27.638 3.100579
27.648 3.105539
27.658 3.112002
27.668 3.118291
27.678 3.119100
27.688 3.110965
27.698 3.098773
27.708 3.086481
27.718 3.079310
27.728 3.074421
27.738 3.077783
27.748 3.083765
27.758 3.090347
27.768 3.092267
27.778 3.091027
27.788 3.083335
27.798 3.081871
27.808 3.078324
27.819 3.075750
27.829 3.077663
27.839 3.090441
27.849 3.076790
27.859 3.072537
27.869 3.062753
27.879 3.056751
27.889 3.067092
27.899 3.066081
27.909 3.077181
27.919 3.080397
27.929 3.083946
27.939 3.082216
27.949 3.078089
27.959 3.073889
27.969 3.075261
27.979 3.076450
27.990 3.075532
28.000 3.077419
28.010 3.082755
28.020 3.083575
28.030 3.085370
28.040 3.088947
28.050 3.089841
28.060 3.093285
28.070 3.094614
28.080 3.090317
28.090 3.082972
28.100 3.081649
28.110 3.086337
28.120 3.091718
28.130 3.101026
28.140 3.106720
28.150 3.114308
28.160 3.121155
28.170 3.121471
28.180 3.119980
28.190 3.116678
28.200 3.111242
28.210 3.106635
28.220 3.094611
28.230 3.090043
28.240 3.107460
28.250 3.114820
28.260 3.139513
28.270 3.140909
28.280 3.137963
28.290 3.132937
28.300 3.126953
28.310 3.131001
28.320 3.139390
28.331 3.128962
28.341 3.130280
28.351 3.134240
28.361 3.130473
28.371 3.141021
28.381 3.152208
28.391 3.164865
28.401 3.168207
28.411 3.157650
28.421 3.151895
28.431 3.158265
28.441 3.160124
28.451 3.163139
28.461 3.161931
28.471 3.163424
28.481 3.160801
28.491 3.165905
28.502 3.168664
28.512 3.172324
28.522 3.170939
28.532 3.167427
28.542 3.163556
28.552 3.161723
28.562 3.159943
28.572 3.156896
28.582 3.152320
28.592 3.157922
28.602 3.158509
28.612 3.153220
28.622 3.156931
28.632 3.161780
28.642 3.165887
28.652 3.166215
28.662 3.167711
28.672 3.163553
28.682 3.158113
28.692 3.149780
28.702 3.143734
28.712 3.141644
28.722 3.136546
28.732 3.135016
28.742 3.132167
28.752 3.132352
28.762 3.141937
28.772 3.147912
28.782 3.145314
28.792 3.141264
28.802 3.133116
28.812 3.129577
28.822 3.130263
28.832 3.125657
28.843 3.123417
28.853 3.127951
28.863 3.127053
28.873 3.116763
28.883 3.114037
28.893 3.112991
28.903 3.110203
28.913 3.110621
28.923 3.112838
28.933 3.113522
28.943 3.112617
28.953 3.108882
28.963 3.105063
28.973 3.106453
28.983 3.098313
28.993 3.096845
29.003 3.099874
29.014 3.099918
29.024 3.104514
29.034 3.108960
29.044 3.104793
29.054 3.108109
29.064 3.103479
29.074 3.097450
29.084 3.091698
29.094 3.088908
29.104 3.083204
29.114 3.077320
29.124 3.084556
29.134 3.086383
29.144 3.093440
29.154 3.095868
29.164 3.095002
29.174 3.094192
29.184 3.092434
29.194 3.090017
29.204 3.086521
29.214 3.079949
29.224 3.074294
29.234 3.075554
29.244 3.080950
29.254 3.085412
29.264 3.089011
29.274 3.092260
29.284 3.087630
29.294 3.085228
29.304 3.081399
29.314 3.079921
29.324 3.075280
29.334 3.078303
29.344 3.090349
29.355 3.094248
29.365 3.092908
29.375 3.090605
29.385 3.090943
29.395 3.093467
29.405 3.099692
29.415 3.105661
29.425 3.105522
29.435 3.091117
29.445 3.087005
29.455 3.115623
29.465 3.102330
29.475 3.108898
29.485 3.118483
29.495 3.115958
29.505 3.116052
29.515 3.115928
29.526 3.125147
29.536 3.126719
29.546 3.127512
29.556 3.124991
29.566 3.122478
29.576 3.117187
29.586 3.118070
29.596 3.122370
29.606 3.119853
29.616 3.125945
29.626 3.131530
29.636 3.139952
29.646 3.152287
29.656 3.158303
29.666 3.159600
29.676 3.153251
29.686 3.149530
29.696 3.150422
29.706 3.147934
29.716 3.151649
29.726 3.151830
29.736 3.157323
29.746 3.154162
29.756 3.156231
29.766 3.146817
29.776 3.147921
29.786 3.147667
29.796 3.150948
29.806 3.153332
29.816 3.157783
29.826 3.156875
29.836 3.158531
29.846 3.163614
29.856 3.164942
29.867 3.166367
29.877 3.157912
29.887 3.152147
29.897 3.142641
29.907 3.143738
29.917 3.147709
29.927 3.148259
29.937 3.144519
29.947 3.141785
29.957 3.139714
29.967 3.136922
29.977 3.140575
29.987 3.144099
29.997 3.146542
30.007 3.145600
30.017 3.137538
30.027 3.136420
30.038 3.138169
30.048 3.135674
30.058 3.133696
30.068 3.129887
30.078 3.127002
30.088 3.125507
30.098 3.123577
30.108 3.125813
30.118 3.108788
30.128 3.113332
30.138 3.128459
30.148 3.136663
30.158 3.137301
30.168 3.123720
30.178 3.115225
30.188 3.113197
30.198 3.116894
30.208 3.117001
30.218 3.116219
30.228 3.110840
30.238 3.107451
30.248 3.097344
30.258 3.092206
30.268 3.092551
30.278 3.094074
30.288 3.094184
30.298 3.092947
30.308 3.096908
30.318 3.102960
30.328 3.111931
30.338 3.113676
30.348 3.114298
30.358 3.107009
30.368 3.102185
30.379 3.095619
30.389 3.097674
30.399 3.101458
30.409 3.103443
30.419 3.102037
30.429 3.104328
30.439 3.101518
30.449 3.100331
30.459 3.101768
30.469 3.105907
30.479 3.108450
30.489 3.107100
30.499 3.102431
30.509 3.093496
30.519 3.094786
30.529 3.097489
30.539 3.100247
30.550 3.101932
30.560 3.103801
30.570 3.106612
30.580 3.103882
30.590 3.105401
30.600 3.101811
30.610 3.101280
30.620 3.103349
30.630 3.100968
30.640 3.096800
30.650 3.093677
30.660 3.098285
30.670 3.109891
30.680 3.115114
30.690 3.116091
30.700 3.113106
30.710 3.110044
30.720 3.114474
30.730 3.120138
30.740 3.115831
30.750 3.113651
30.760 3.105930
30.770 3.105880
30.780 3.102031
30.790 3.100147
30.800 3.100765
30.810 3.110236
30.820 3.118068
30.830 3.122503
30.840 3.126303
30.850 3.127428
30.860 3.130373
30.870 3.131152
30.880 3.128340
30.891 3.127666
30.901 3.124810
30.911 3.123244
30.921 3.127856
30.931 3.134220
30.941 3.135246
30.951 3.129461
30.961 3.133127
30.971 3.137349
30.981 3.140386
30.991 3.139984
31.001 3.143471
31.011 3.145659
31.021 3.143170
31.031 3.141243
31.041 3.146578
31.051 3.148019
31.062 3.146802
31.072 3.145000
31.082 3.143811
31.092 3.141671
31.102 3.138433
31.112 3.138919
31.122 3.139224
31.132 3.138305
31.142 3.141486
31.152 3.140528
31.162 3.138698
31.172 3.150365
31.182 3.153772
31.192 3.151242
31.202 3.148701
31.212 3.141021
31.222 3.136536
31.232 3.136963
31.242 3.131324
31.252 3.130466
31.262 3.125622
31.272 3.122065
31.282 3.124518
31.292 3.128233
31.302 3.128238
31.312 3.129556
31.322 3.131050
31.332 3.127578
31.342 3.126196
31.352 3.129613
31.362 3.130767
31.372 3.133899
31.382 3.131783
31.392 3.118503
31.403 3.110769
31.413 3.103784
31.423 3.096923
31.433 3.100239
31.443 3.109334
31.453 3.113443
31.463 3.115238
31.473 3.119367
31.483 3.124062
31.493 3.132182
31.503 3.134771
31.513 3.133272
31.523 3.117227
31.533 3.114060
31.543 3.109750
31.553 3.109876
31.563 3.107139
31.574 3.105008
31.584 3.104473
31.594 3.106338
31.604 3.105361
31.614 3.098113
31.624 3.097216
31.634 3.102916
31.644 3.107376
31.654 3.112868
31.664 3.113992
31.674 3.116030
31.684 3.117065
31.694 3.108713
31.704 3.105917
31.714 3.102851
31.724 3.110553
31.734 3.113931
31.744 3.109521
31.754 3.106872
31.764 3.105127
31.774 3.096233
31.784 3.087350
31.794 3.099154
31.804 3.101737
31.814 3.102588
