81.167 3.135193
81.177 3.132014
81.187 3.129084
81.197 3.127728
81.207 3.131664
81.217 3.131620
81.227 3.126972
81.238 3.122437
81.248 3.121492
81.258 3.121114
81.268 3.124800
81.278 3.130092
81.288 3.131651
81.298 3.136330
81.308 3.143119
81.318 3.147812
81.328 3.146600
81.338 3.143166
81.348 3.130151
81.358 3.119181
81.368 3.120309
81.378 3.123552
81.388 3.130237
81.398 3.134990
81.408 3.139814
81.418 3.142735
81.428 3.141859
81.438 3.137748
81.448 3.126565
81.458 3.123271
81.468 3.108503
81.478 3.108226
81.488 3.114300
81.498 3.120011
81.508 3.123499
81.518 3.126185
81.528 3.130742
81.538 3.135028
81.548 3.134955
81.558 3.127042
81.568 3.121981
81.579 3.119186
81.589 3.117462
81.599 3.115092
81.609 3.117018
81.619 3.121472
81.629 3.122362
81.639 3.125484
81.649 3.130196
81.659 3.129361
81.669 3.118864
81.679 3.111497
81.689 3.108774
81.699 3.108045
81.709 3.110522
81.719 3.109596
81.729 3.112525
81.739 3.119176
81.750 3.127408
81.760 3.131484
81.770 3.132262
81.780 3.122621
81.790 3.116107
81.800 3.115297
81.810 3.117887
81.820 3.119358
81.830 3.119363
81.840 3.119191
81.850 3.122105
81.860 3.119942
81.870 3.112254
81.880 3.110650
81.890 3.111451
81.900 3.112827
81.910 3.112217
81.920 3.117082
81.930 3.124565
81.940 3.124778
81.950 3.121187
81.960 3.118048
81.970 3.118942
81.980 3.113989
81.990 3.112829
82.000 3.119317
82.010 3.122763
82.020 3.122971
82.030 3.122429
82.040 3.125351
82.050 3.126162
82.060 3.124772
82.070 3.121725
82.080 3.111770
82.091 3.111107
82.101 3.112760
82.111 3.120008
82.121 3.125494
82.131 3.125811
82.141 3.125350
82.151 3.121798
82.161 3.119989
82.171 3.121905
82.181 3.121985
82.191 3.120805
82.201 3.119997
82.211 3.120046
82.221 3.120117
82.231 3.123299
82.241 3.128534
82.251 3.130430
82.262 3.129669
82.272 3.131237
82.282 3.126096
82.292 3.125515
82.302 3.122115
82.312 3.120383
82.322 3.126286
82.332 3.130300
82.342 3.130385
82.352 3.128892
82.362 3.126857
82.372 3.123029
82.382 3.118179
82.392 3.112242
82.402 3.110874
82.412 3.116699
82.422 3.123633
82.432 3.129942
82.442 3.132027
82.452 3.131501
82.462 3.136823
82.472 3.138348
82.482 3.142469
82.492 3.135018
82.502 3.127969
82.512 3.131046
82.522 3.137084
82.532 3.144153
82.542 3.141145
82.552 3.132434
82.562 3.129250
82.572 3.123920
82.582 3.117801
82.592 3.118387
82.603 3.115563
82.613 3.117699
82.623 3.120292
82.633 3.121437
82.643 3.124716
82.653 3.127458
82.663 3.122644
82.673 3.121306
82.683 3.121211
82.693 3.122682
82.703 3.125775
82.713 3.132534
82.723 3.132388
82.733 3.133044
82.743 3.126218
82.753 3.124661
82.763 3.119763
82.774 3.112150
82.784 3.115210
82.794 3.118390
82.804 3.124090
82.814 3.129351
82.824 3.131785
82.834 3.129385
82.844 3.127317
82.854 3.121123
82.864 3.119322
82.874 3.121178
82.884 3.123609
82.894 3.123189
82.904 3.125559
82.914 3.128370
82.924 3.127490
82.934 3.123540
82.944 3.120155
82.954 3.112927
82.964 3.108582
82.974 3.111629
82.984 3.116471
82.994 3.121304
83.004 3.118965
83.014 3.115190
83.024 3.115019
83.034 3.111317
83.044 3.114408
83.054 3.116316
83.064 3.116920
83.074 3.116196
83.084 3.118946
83.094 3.120390
83.104 3.123671
83.115 3.127074
83.125 3.126642
83.135 3.123458
83.145 3.116924
83.155 3.117218
83.165 3.109207
83.175 3.101847
83.185 3.105325
83.195 3.112114
83.205 3.126393
83.215 3.128417
83.225 3.125513
83.235 3.125732
83.245 3.123554
83.255 3.122056
83.265 3.114621
83.275 3.112441
83.286 3.114322
83.296 3.116667
83.306 3.119744
83.316 3.122583
83.326 3.129688
83.336 3.127863
83.346 3.122675
83.356 3.119811
83.366 3.114731
83.376 3.112126
83.386 3.114140
83.396 3.116969
83.406 3.124337
83.416 3.131520
83.426 3.138354
83.436 3.137408
83.446 3.132014
83.456 3.123810
83.466 3.117827
83.476 3.114023
83.486 3.114141
83.496 3.112162
83.506 3.119824
83.516 3.122844
83.526 3.125553
83.536 3.119830
83.546 3.089890
83.556 3.101428
83.566 3.107149
83.576 3.113461
83.586 3.113888
83.596 3.123276
83.606 3.131633
83.616 3.130987
83.627 3.131321
83.637 3.138042
83.647 3.139705
83.657 3.142812
83.667 3.146039
83.677 3.140890
83.687 3.134345
83.697 3.121375
83.707 3.104886
83.717 3.100961
83.727 3.120476
83.737 3.137025
83.747 3.144098
83.757 3.141110
83.767 3.132805
83.777 3.132734
83.787 3.122880
83.798 3.110218
83.808 3.107334
83.818 3.113316
83.828 3.114826
83.838 3.111320
83.848 3.112994
83.858 3.122456
83.868 3.124163
83.878 3.117954
83.888 3.112108
83.898 3.119107
83.908 3.118422
83.918 3.115581
83.928 3.127580
83.938 3.138800
83.948 3.140540
83.958 3.142683
83.968 3.138164
83.978 3.135060
83.988 3.129534
83.998 3.128585
84.008 3.124404
84.018 3.126480
84.028 3.123535
84.038 3.115716
84.048 3.106924
84.058 3.105327
84.068 3.107285
84.078 3.109377
84.088 3.116002
84.098 3.126980
84.108 3.132823
84.118 3.130966
84.128 3.130029
84.139 3.130528
84.149 3.120687
84.159 3.114556
84.169 3.113467
84.179 3.114008
84.189 3.116428
84.199 3.122303
84.209 3.130791
84.219 3.139337
84.229 3.141751
84.239 3.134945
84.249 3.126894
84.259 3.131866
84.269 3.130028
84.279 3.123377
84.289 3.120571
84.299 3.116479
84.310 3.115190
84.320 3.120265
84.330 3.115821
84.340 3.107591
84.350 3.112966
84.360 3.116356
84.370 3.088588
84.380 3.107559
84.390 3.110449
84.400 3.112545
84.410 3.117202
84.420 3.122815
84.430 3.121852
84.440 3.129919
84.450 3.131234
84.460 3.124902
84.470 3.114493
84.480 3.106559
84.490 3.105645
84.500 3.113372
84.510 3.118824
84.520 3.122348
84.530 3.122745
84.540 3.120528
84.550 3.114464
84.560 3.107652
84.570 3.107954
84.580 3.109487
84.590 3.114596
84.600 3.113958
84.610 3.124342
84.620 3.131578
84.630 3.139488
84.640 3.145086
84.651 3.142018
84.661 3.133368
84.671 3.123234
84.681 3.113000
84.691 3.103913
84.701 3.098888
84.711 3.101117
84.721 3.103746
84.731 3.108834
84.741 3.115477
84.751 3.126249
84.761 3.123441
84.771 3.125098
84.781 3.121996
84.791 3.119331
84.801 3.115715
84.811 3.112917
84.822 3.107178
84.832 3.101675
84.842 3.114002
84.852 3.127037
84.862 3.139260
84.872 3.151175
84.882 3.153497
84.892 3.134036
84.902 3.120002
84.912 3.115413
84.922 3.116631
84.932 3.119002
84.942 3.121567
84.952 3.124738
84.962 3.126220
84.972 3.129034
84.982 3.133100
84.992 3.139239
85.002 3.137631
85.012 3.129691
85.022 3.124743
85.032 3.123603
85.042 3.120610
85.052 3.127324
85.062 3.135652
85.072 3.140509
85.082 3.137948
85.092 3.133090
85.102 3.121906
85.112 3.117820
85.122 3.118094
85.132 3.118810
85.142 3.123456
85.152 3.132828
85.163 3.135769
85.173 3.134939
85.183 3.133129
85.193 3.130269
85.203 3.126275
85.213 3.126814
85.223 3.117595
85.233 3.109905
85.243 3.113010
85.253 3.121989
85.263 3.131154
85.273 3.129358
85.283 3.124410
85.293 3.116618
85.303 3.113875
85.313 3.105530
85.323 3.109481
85.334 3.116581
85.344 3.115832
85.354 3.122389
85.364 3.135158
85.374 3.140537
85.384 3.137748
85.394 3.133882
85.404 3.128675
85.414 3.129102
85.424 3.124953
85.434 3.115680
85.444 3.115647
85.454 3.118696
85.464 3.122811
85.474 3.125416
85.484 3.127131
85.494 3.125682
85.504 3.126687
85.514 3.120996
85.524 3.113902
85.534 3.113548
85.544 3.112819
85.554 3.115749
85.564 3.122298
85.574 3.127858
85.584 3.131695
85.594 3.128555
85.604 3.124400
85.614 3.106616
85.624 3.097220
85.634 3.102387
85.644 3.105595
85.654 3.111636
85.664 3.128864
85.675 3.140194
85.685 3.143691
85.695 3.139706
85.705 3.136376
85.715 3.130982
85.725 3.123466
85.735 3.113086
85.745 3.099351
85.755 3.101991
85.765 3.106468
85.775 3.123704
85.785 3.143962
85.795 3.143708
85.805 3.127671
85.815 3.106263
85.825 3.093138
85.835 3.090345
85.846 3.098487
85.856 3.106962
85.866 3.117510
85.876 3.102530
85.886 3.105149
85.896 3.108194
85.906 3.114995
85.916 3.122620
85.926 3.136611
85.936 3.137971
85.946 3.129120
85.956 3.131734
85.966 3.133936
85.976 3.124815
85.986 3.113272
85.996 3.119574
86.006 3.119369
86.016 3.119892
86.026 3.125274
86.036 3.125664
86.046 3.118522
86.056 3.115245
86.066 3.123913
86.076 3.135383
86.086 3.134681
86.096 3.126341
86.106 3.126780
86.116 3.123669
86.126 3.131735
86.136 3.132868
86.146 3.137094
86.156 3.139607
86.166 3.143270
86.176 3.141695
86.187 3.136443
86.197 3.125181
86.207 3.119897
86.217 3.120852
86.227 3.116401
86.237 3.114310
86.247 3.116985
86.257 3.116716
86.267 3.114456
86.277 3.115290
86.287 3.123361
86.297 3.132095
86.307 3.130854
86.317 3.120850
86.327 3.117963
86.337 3.123486
86.347 3.128653
86.358 3.129375
86.368 3.129539
86.378 3.128202
86.388 3.126807
86.398 3.128585
86.408 3.130045
86.418 3.129059
86.428 3.127866
86.438 3.119691
86.448 3.120014
86.458 3.119330
86.468 3.118584
86.478 3.124067
86.488 3.127184
86.498 3.123939
86.508 3.130099
86.518 3.132069
86.528 3.130162
86.538 3.123902
86.548 3.125752
86.558 3.122973
86.568 3.119358
86.578 3.121620
86.588 3.124924
86.598 3.119468
86.608 3.120252
86.618 3.125280
86.628 3.129152
86.638 3.124474
86.648 3.118482
86.658 3.119013
86.668 3.125543
86.678 3.124958
86.688 3.121259
86.699 3.122122
86.709 3.116589
86.719 3.113813
86.729 3.108638
86.739 3.111041
86.749 3.126342
86.759 3.134233
86.769 3.132844
86.779 3.134965
86.789 3.135398
86.799 3.127434
86.809 3.123965
86.819 3.122292
86.829 3.115025
86.839 3.116956
86.849 3.118102
86.859 3.116490
86.870 3.120094
86.880 3.123612
86.890 3.123268
86.900 3.125855
86.910 3.129844
86.920 3.124132
86.930 3.117920
86.940 3.114564
86.950 3.112615
86.960 3.116095
86.970 3.122739
86.980 3.133350
86.990 3.133522
87.000 3.129323
87.010 3.124236
87.020 3.116607
87.030 3.107567
87.040 3.097087
87.050 3.102915
87.060 3.107940
87.070 3.112670
87.080 3.112793
87.090 3.116208
87.100 3.119345
87.110 3.120713
87.120 3.126693
87.130 3.127253
87.140 3.124299
87.150 3.117446
87.160 3.111197
87.170 3.108136
87.180 3.110427
87.190 3.124284
87.200 3.133560
87.211 3.130678
87.221 3.129525
87.231 3.128000
87.241 3.122262
87.251 3.123787
87.261 3.125111
87.271 3.124521
87.281 3.126684
87.291 3.128224
87.301 3.130589
87.311 3.132033
87.321 3.134502
87.331 3.144488
87.341 3.144189
87.351 3.128387
87.361 3.119272
87.371 3.114807
87.382 3.116549
87.392 3.121392
87.402 3.129063
87.412 3.129380
87.422 3.128847
87.432 3.131656
87.442 3.129037
87.452 3.130785
87.462 3.130209
87.472 3.128278
87.482 3.128085
87.492 3.130724
87.502 3.129640
87.512 3.140194
87.522 3.151114
87.532 3.150004
87.542 3.139921
87.552 3.128944
87.562 3.123332
87.572 3.120417
87.582 3.119838
87.592 3.121347
87.602 3.121668
87.612 3.121570
87.622 3.115485
87.632 3.124115
87.642 3.123765
87.652 3.119587
87.662 3.122089
87.672 3.130546
87.682 3.134815
87.692 3.141323
87.702 3.138215
87.712 3.138381
87.723 3.135760
87.733 3.130358
87.743 3.119544
87.753 3.113229
87.763 3.112184
87.773 3.117626
87.783 3.117101
87.793 3.112384
87.803 3.113498
87.813 3.119176
87.823 3.120864
87.833 3.121978
87.843 3.125971
87.853 3.130466
87.863 3.128822
87.873 3.134108
87.883 3.135499
87.894 3.134065
87.904 3.129780
87.914 3.128683
87.924 3.118317
87.934 3.109700
87.944 3.109061
87.954 3.111317
87.964 3.114523
87.974 3.127200
87.984 3.133421
87.994 3.128420
88.004 3.112985
88.014 3.108916
88.024 3.109833
88.034 3.117055
88.044 3.114333
88.054 3.120295
88.064 3.127158
88.074 3.114466
88.084 3.110389
88.094 3.108166
88.104 3.103748
88.114 3.102398
88.124 3.106954
88.134 3.115127
88.144 3.115412
88.154 3.128854
88.164 3.129383
88.174 3.144449
88.184 3.135813
88.194 3.124851
88.204 3.130691
88.214 3.130105
88.224 3.112649
88.235 3.101346
88.245 3.109116
88.255 3.100452
88.265 3.111847
88.275 3.107709
88.285 3.120863
88.295 3.105770
88.305 3.104007
88.315 3.097917
88.325 3.104658
88.335 3.113232
88.345 3.132275
88.355 3.145157
88.365 3.134991
88.375 3.145912
88.385 3.155486
88.395 3.132337
88.406 3.113263
88.416 3.091207
88.426 3.081394
88.436 3.075610
88.446 3.078305
88.456 3.096296
88.466 3.108174
88.476 3.118502
88.486 3.129395
88.496 3.132822
88.506 3.137207
88.516 3.144508
88.526 3.136781
88.536 3.134165
88.546 3.111166
88.556 3.117063
88.566 3.109672
88.576 3.112374
88.586 3.114984
88.596 3.123954
88.606 3.124547
88.616 3.124418
88.626 3.122802
88.636 3.150306
88.646 3.157066
88.656 3.147841
88.666 3.129131
88.676 3.101025
88.686 3.098768
88.696 3.104895
88.706 3.113841
88.716 3.122747
88.726 3.131013
88.736 3.120242
88.747 3.110330
88.757 3.109316
88.767 3.098086
88.777 3.117615
88.787 3.126502
88.797 3.120340
88.807 3.126899
88.817 3.135451
88.827 3.126794
88.837 3.140385
88.847 3.139509
88.857 3.131469
88.867 3.096996
88.877 3.100690
88.887 3.121832
88.897 3.118555
88.907 3.115279
88.918 3.113968
88.928 3.108105
88.938 3.109958
88.948 3.114668
88.958 3.101940
88.968 3.104631
88.978 3.108687
88.988 3.107492
88.998 3.106268
89.008 3.120707
89.018 3.124911
89.028 3.115866
89.038 3.119805
89.048 3.109988
89.058 3.101627
89.068 3.106495
89.078 3.093931
89.088 3.101454
89.098 3.108368
89.108 3.117271
89.118 3.124786
89.128 3.139060
89.138 3.134561
89.148 3.120360
89.158 3.116210
89.168 3.113586
89.178 3.108781
89.188 3.107539
89.198 3.100878
89.208 3.099199
89.218 3.111807
89.228 3.124655
89.238 3.131888
89.248 3.145610
89.259 3.132112
89.269 3.111237
89.279 3.122387
89.289 3.128155
89.299 3.133022
89.309 3.148329
89.319 3.149641
89.329 3.135216
89.339 3.138640
89.349 3.128710
89.359 3.127044
89.369 3.120397
89.379 3.122652
89.389 3.125714
89.399 3.128208
89.409 3.138592
89.419 3.146539
89.430 3.141764
89.440 3.121100
89.450 3.123502
89.460 3.117338
89.470 3.113776
89.480 3.108085
89.490 3.115960
89.500 3.123704
89.510 3.127635
89.520 3.123438
89.530 3.131314
89.540 3.130196
89.550 3.116181
89.560 3.124246
89.570 3.123581
89.580 3.118688
89.590 3.118057
89.600 3.118683
89.610 3.113430
89.620 3.115059
89.630 3.119228
89.640 3.117913
89.650 3.115416
89.660 3.110486
89.670 3.110973
89.680 3.110587
89.690 3.116618
89.700 3.117545
89.710 3.120453
89.720 3.118381
89.730 3.124459
89.740 3.124419
89.750 3.116299
89.760 3.107442
89.771 3.127375
89.781 3.126812
89.791 3.128720
89.801 3.135309
89.811 3.119310
89.821 3.112942
89.831 3.113512
89.841 3.107730
89.851 3.118592
89.861 3.139171
89.871 3.150047
89.881 3.143490
89.891 3.141282
89.901 3.129285
89.911 3.122733
89.921 3.121032
89.931 3.121840
89.942 3.107831
89.952 3.098461
89.962 3.117434
89.972 3.126562
89.982 3.143087
89.992 3.150574
90.002 3.134271
90.012 3.109364
90.022 3.100831
90.032 3.104785
90.042 3.110559
90.052 3.121904
90.062 3.132100
90.072 3.136379
90.082 3.133692
90.092 3.133201
90.102 3.117445
90.112 3.117921
90.122 3.123171
90.132 3.122861
90.142 3.123430
90.152 3.121389
90.162 3.119250
90.172 3.115914
90.182 3.119928
90.192 3.122602
90.202 3.126607
90.212 3.125800
90.222 3.122053
90.232 3.111333
90.242 3.112812
90.252 3.108270
90.262 3.109355
90.272 3.122630
90.283 3.122663
90.293 3.114287
90.303 3.102674
90.313 3.098061
90.323 3.101311
90.333 3.111255
90.343 3.124972
90.353 3.126686
90.363 3.126943
90.373 3.126970
90.383 3.130583
90.393 3.125103
90.403 3.128668
90.413 3.129522
90.423 3.131064
90.433 3.117369
90.443 3.114359
90.454 3.118330
90.464 3.132334
90.474 3.132561
90.484 3.131849
90.494 3.129266
90.504 3.129359
90.514 3.126829
90.524 3.124239
90.534 3.126362
90.544 3.115032
90.554 3.119131
90.564 3.115106
90.574 3.124403
90.584 3.131282
90.594 3.135464
90.604 3.133689
90.614 3.134669
90.624 3.140039
90.634 3.132581
90.644 3.125786
90.654 3.122667
90.664 3.122491
90.674 3.124291
90.684 3.129844
90.694 3.135290
90.704 3.135706
90.714 3.129955
90.724 3.124273
90.734 3.124231
90.744 3.126350
90.754 3.128332
90.764 3.124683
90.774 3.127521
90.784 3.128882
90.795 3.125760
90.805 3.127613
90.815 3.132280
90.825 3.137108
90.835 3.138320
90.845 3.140339
90.855 3.138469
90.865 3.136340
90.875 3.132696
90.885 3.126021
90.895 3.124407
90.905 3.120769
90.915 3.117655
90.925 3.126445
90.935 3.130054
90.945 3.129596
90.955 3.125789
90.966 3.119353
90.976 3.117407
90.986 3.115177
90.996 3.115460
91.006 3.110744
91.016 3.113515
91.026 3.116605
91.036 3.118163
91.046 3.122845
91.056 3.127885
91.066 3.132630
91.076 3.131831
91.086 3.129101
91.096 3.124596
91.106 3.122023
91.116 3.118922
91.126 3.111150
91.136 3.107640
91.146 3.108426
91.156 3.117290
91.166 3.123332
91.176 3.124051
91.186 3.121958
91.196 3.122784
91.206 3.119789
91.216 3.120434
91.226 3.120808
91.236 3.116018
91.246 3.111029
91.256 3.113874
91.266 3.123940
91.276 3.132450
91.286 3.139031
91.296 3.133602
91.307 3.114986
91.317 3.109823
91.327 3.112629
91.337 3.118032
91.347 3.125581
91.357 3.126084
91.367 3.116848
91.377 3.107347
91.387 3.108527
91.397 3.108120
91.407 3.111926
91.417 3.113535
91.427 3.115233
91.437 3.117609
91.447 3.121152
91.457 3.121600
91.467 3.125846
91.478 3.131447
91.488 3.131030
91.498 3.126559
91.508 3.126363
91.518 3.123842
91.528 3.125247
91.538 3.128808
91.548 3.130988
91.558 3.123166
91.568 3.118949
91.578 3.119847
91.588 3.121136
91.598 3.124081
91.608 3.128485
91.618 3.128932
91.628 3.124435
91.638 3.113669
91.648 3.113810
91.658 3.113169
91.668 3.113914
91.678 3.119030
91.688 3.120466
91.698 3.126439
91.708 3.133157
91.718 3.135089
91.728 3.133737
91.738 3.133417
91.748 3.129768
91.758 3.126079
91.768 3.123359
91.778 3.124839
91.788 3.128730
91.798 3.132577
91.808 3.138253
91.819 3.112625
91.829 3.133637
91.839 3.132237
91.849 3.128181
91.859 3.125600
91.869 3.123650
91.879 3.120635
91.889 3.115780
91.899 3.116880
91.909 3.119944
91.919 3.121053
91.929 3.126000
91.939 3.132696
91.949 3.129733
91.959 3.123703
91.969 3.123655
91.979 3.127129
91.990 3.124119
92.000 3.121430
92.010 3.122586
92.020 3.127006
92.030 3.131506
92.040 3.130804
92.050 3.131717
92.060 3.133783
92.070 3.130913
92.080 3.123959
92.090 3.120276
92.100 3.118752
92.110 3.116614
92.120 3.121374
92.130 3.121434
92.140 3.126064
92.150 3.134300
92.160 3.134039
92.170 3.126091
92.180 3.124393
92.190 3.127353
92.200 3.125742
92.210 3.127549
92.220 3.125340
92.230 3.123555
92.240 3.119881
92.250 3.120371
92.260 3.120465
92.270 3.121193
92.280 3.119947
92.290 3.123982
92.300 3.125935
92.310 3.128121
92.320 3.129352
92.331 3.126414
92.341 3.121063
92.351 3.116111
92.361 3.110700
92.371 3.108747
92.381 3.107654
92.391 3.116105
92.401 3.121393
92.411 3.120965
92.421 3.122731
92.431 3.123111
92.441 3.122591
92.451 3.122648
92.461 3.123292
92.471 3.118597
92.481 3.111495
92.491 3.110507
92.502 3.118594
92.512 3.126827
92.522 3.130999
92.532 3.130839
92.542 3.125583
92.552 3.122332
92.562 3.122363
92.572 3.116429
92.582 3.117031
92.592 3.116623
92.602 3.118447
92.612 3.122964
92.622 3.129068
92.632 3.129385
92.642 3.128510
92.652 3.122978
92.662 3.121074
92.672 3.118380
92.682 3.114482
92.692 3.115126
92.702 3.122737
92.712 3.124989
92.722 3.127489
92.732 3.121825
92.742 3.123917
92.752 3.123673
92.762 3.123732
92.772 3.124859
92.782 3.125552
92.792 3.122082
92.802 3.121848
92.812 3.123792
92.822 3.125951
92.832 3.130557
92.843 3.133614
92.853 3.129740
92.863 3.125814
92.873 3.123332
92.883 3.124708
92.893 3.123139
92.903 3.122067
92.913 3.121901
92.923 3.123375
92.933 3.121998
92.943 3.122859
92.953 3.121284
92.963 3.118547
92.973 3.118328
92.983 3.115654
92.993 3.116818
93.003 3.117691
93.014 3.118978
93.024 3.124762
93.034 3.130134
93.044 3.136229
93.054 3.138034
93.064 3.137819
93.074 3.137658
93.084 3.134225
93.094 3.127273
93.104 3.127105
93.114 3.124109
93.124 3.115664
93.134 3.115494
93.144 3.117422
93.154 3.118352
93.164 3.117033
93.174 3.121198
93.184 3.125707
93.194 3.128027
93.204 3.130764
93.214 3.133734
93.224 3.132632
93.234 3.126899
93.244 3.113139
93.254 3.123145
93.264 3.131008
93.274 3.126472
93.284 3.124218
93.294 3.133236
93.304 3.140396
93.314 3.146018
93.324 3.138556
93.334 3.130888
93.344 3.123526
93.355 3.119524
93.365 3.141219
93.375 3.151848
93.385 3.122583
93.395 3.103953
93.405 3.112219
93.415 3.129173
93.425 3.123582
93.435 3.128034
93.445 3.123321
93.455 3.125733
93.465 3.122495
93.475 3.130780
93.485 3.142417
93.495 3.137109
93.505 3.137223
93.515 3.126148
93.526 3.122490
93.536 3.137971
93.546 3.141373
93.556 3.138674
93.566 3.133158
93.576 3.121029
93.586 3.109974
93.596 3.106076
93.606 3.122749
93.616 3.131567
93.626 3.140752
93.636 3.125332
93.646 3.161735
93.656 3.151208
93.666 3.160948
93.676 3.165570
93.686 3.164114
93.696 3.165256
93.706 3.142870
93.716 3.116667
93.726 3.118313
93.736 3.119154
93.746 3.113046
93.756 3.121231
93.766 3.122010
93.776 3.132458
93.786 3.124256
93.796 3.118126
93.806 3.119046
93.816 3.122479
93.826 3.130329
93.836 3.139940
93.846 3.140822
93.856 3.131675
93.867 3.123440
93.877 3.129155
93.887 3.127234
93.897 3.129010
93.907 3.134096
93.917 3.134761
93.927 3.129939
93.937 3.135573
93.947 3.135399
93.957 3.136067
93.967 3.148921
93.977 3.115203
93.987 3.114807
93.997 3.094569
94.007 3.115747
94.017 3.145118
94.027 3.143695
94.038 3.145098
94.048 3.126389
94.058 3.120202
94.068 3.119537
94.078 3.128100
94.088 3.131613
94.098 3.127248
94.108 3.120507
94.118 3.113873
94.128 3.111945
94.138 3.112116
94.148 3.115741
94.158 3.118909
94.168 3.113684
94.178 3.105257
94.188 3.097795
94.198 3.111223
94.208 3.114673
94.218 3.117151
94.228 3.118482
94.238 3.110603
94.248 3.117389
94.258 3.130597
94.268 3.130659
94.278 3.124553
94.288 3.120102
94.298 3.115635
94.308 3.112135
94.318 3.113750
94.328 3.113683
94.338 3.109814
94.348 3.105405
94.358 3.104479
94.368 3.104425
94.379 3.105799
94.389 3.103591
94.399 3.104494
94.409 3.107808
94.419 3.112022
94.429 3.118224
94.439 3.119735
94.449 3.115937
94.459 3.114458
94.469 3.115488
94.479 3.114775
94.489 3.110625
94.499 3.114809
94.509 3.103397
94.519 3.108109
94.529 3.101021
94.539 3.094254
94.550 3.094591
94.560 3.098430
94.570 3.096513
94.580 3.106937
94.590 3.113512
94.600 3.120391
94.610 3.119383
94.620 3.120153
94.630 3.117603
94.640 3.115392
94.650 3.111762
94.660 3.117452
94.670 3.120405
94.680 3.115917
94.690 3.109799
94.700 3.106721
94.710 3.107117
94.720 3.108810
94.730 3.110311
94.740 3.104715
94.750 3.098502
94.760 3.110420
94.770 3.118426
94.780 3.128412
94.790 3.125776
94.800 3.117347
94.810 3.110180
94.820 3.107520
94.830 3.106532
94.840 3.106522
94.850 3.109817
94.860 3.105896
94.870 3.102291
94.880 3.104319
94.891 3.107308
94.901 3.107010
94.911 3.110616
94.921 3.119074
94.931 3.117156
94.941 3.112988
94.951 3.112808
94.961 3.111723
94.971 3.116243
94.981 3.121320
94.991 3.124127
95.001 3.122758
95.011 3.120870
95.021 3.118606
95.031 3.113355
95.041 3.111090
95.051 3.106421
95.062 3.105928
95.072 3.105466
95.082 3.101025
95.092 3.100762
95.102 3.104173
95.112 3.108121
95.122 3.110984
95.132 3.117713
95.142 3.114070
95.152 3.116490
95.162 3.110850
95.172 3.106842
95.182 3.116427
95.192 3.120483
1.306 -3.119592
1.316 -3.123974
1.326 -3.124037
1.336 -3.119966
1.346 -3.122286
1.356 -3.120588
1.366 -3.121098
1.376 -3.124088
1.386 -3.127141
1.396 -3.124600
1.406 -3.121020
1.416 -3.120766
1.426 -3.120332
1.436 -3.126393
1.446 -3.129520
1.456 -3.131265
1.466 -3.135878
1.476 -3.133039
1.486 -3.128211
1.496 -3.123064
1.506 -3.121432
1.516 -3.123935
1.526 -3.122017
1.536 -3.128827
1.546 -3.128403
1.556 -3.124784
1.566 -3.124236
1.576 -3.127000
1.586 -3.128543
1.596 -3.130784
1.606 -3.134736
1.616 -3.133055
1.626 -3.129172
1.636 -3.132629
1.646 -3.129978
1.656 -3.129074
1.666 -3.128160
1.676 -3.127584
1.686 -3.127631
1.696 -3.126010
1.707 -3.127431
1.717 -3.124035
1.727 -3.119111
1.737 -3.124239
1.747 -3.124260
1.757 -3.124348
1.767 -3.126451
1.777 -3.125842
1.787 -3.132318
1.797 -3.133056
1.807 -3.132683
1.817 -3.137090
1.827 -3.135507
1.837 -3.134434
1.847 -3.133273
1.857 -3.133805
1.867 -3.137517
1.878 -3.139573
1.888 -3.132177
1.898 -3.136086
1.908 -3.124630
1.918 -3.129317
1.928 -3.127002
1.938 -3.127635
1.948 -3.122977
1.958 -3.123175
1.968 -3.123806
1.978 -3.123873
1.988 -3.127341
1.998 -3.127184
2.008 -3.124502
2.018 -3.123460
2.028 -3.127338
2.038 -3.134047
2.048 -3.135260
2.058 -3.138688
2.068 -3.138789
2.078 -3.137370
2.088 -3.133472
2.098 -3.134191
2.108 -3.125548
2.118 -3.121740
2.128 -3.122450
2.138 -3.119671
2.148 -3.128731
2.158 -3.128432
2.168 -3.138094
2.178 -3.137899
2.188 -3.132757
2.198 -3.134526
2.208 -3.131150
2.219 -3.131428
2.229 -3.133123
2.239 -3.130448
2.249 -3.124528
2.259 -3.132310
2.269 -3.133215
2.279 -3.131403
2.289 -3.134609
2.299 -3.133657
2.309 -3.130015
2.319 -3.118161
2.329 -3.111676
2.339 -3.108192
2.349 -3.111885
2.359 -3.116991
2.369 -3.127799
2.379 -3.134776
2.390 -3.141024
2.400 -3.138347
2.410 -3.136374
2.420 -3.126918
2.430 -3.122230
2.440 -3.119941
2.450 -3.120733
2.460 -3.119770
2.470 -3.122005
2.480 -3.122680
2.490 -3.123473
2.500 -3.123255
2.510 -3.126676
2.520 -3.126109
2.530 -3.124898
2.540 -3.125083
2.550 -3.125398
2.560 -3.124333
2.570 -3.120383
2.580 -3.116883
2.590 -3.120623
2.600 -3.125072
2.610 -3.122172
2.620 -3.125438
2.630 -3.129581
2.640 -3.133944
2.650 -3.133382
2.660 -3.136138
2.670 -3.135338
2.680 -3.128682
2.690 -3.127073
2.700 -3.121666
2.710 -3.117215
2.720 -3.119901
2.731 -3.124222
2.741 -3.122399
2.751 -3.119023
2.761 -3.116999
2.771 -3.120766
2.781 -3.120492
2.791 -3.123809
2.801 -3.123301
2.811 -3.124874
2.821 -3.127671
2.831 -3.129146
2.841 -3.125507
2.851 -3.131929
2.861 -3.135943
2.871 -3.138577
2.881 -3.135116
2.891 -3.136053
2.902 -3.132288
2.912 -3.124823
2.922 -3.121977
2.932 -3.124047
2.942 -3.128437
2.952 -3.132538
2.962 -3.132379
2.972 -3.131285
2.982 -3.129702
2.992 -3.126163
3.002 -3.129515
3.012 -3.128173
3.022 -3.125784
3.032 -3.123215
3.042 -3.126304
3.052 -3.129567
3.062 -3.137006
3.072 -3.141617
3.082 -3.137829
3.092 -3.134324
3.102 -3.128072
3.112 -3.124691
3.122 -3.120298
3.132 -3.119191
3.142 -3.131128
3.152 -3.134383
3.162 -3.138032
3.172 -3.140208
3.182 -3.132473
3.192 -3.129974
3.202 -3.132726
3.212 -3.133334
3.222 -3.127859
3.232 -3.127433
3.243 -3.123206
3.253 -3.119455
3.263 -3.121043
3.273 -3.117071
3.283 -3.130015
3.293 -3.133335
3.303 -3.132078
3.313 -3.123301
3.323 -3.124737
3.333 -3.128369
3.343 -3.121428
3.353 -3.126549
3.363 -3.130875
3.373 -3.128940
3.383 -3.128522
3.393 -3.127526
3.403 -3.125581
3.414 -3.126378
3.424 -3.127850
3.434 -3.124900
3.444 -3.124274
3.454 -3.123811
3.464 -3.124070
3.474 -3.132604
3.484 -3.132688
3.494 -3.133369
3.504 -3.132563
3.514 -3.137157
3.524 -3.137164
3.534 -3.135288
3.544 -3.132093
3.554 -3.126359
3.564 -3.126889
3.574 -3.129405
3.584 -3.128798
3.594 -3.131412
3.604 -3.129195
3.614 -3.124816
3.624 -3.120061
3.634 -3.121629
3.644 -3.125694
3.654 -3.127760
3.664 -3.127699
3.674 -3.132992
3.684 -3.136805
3.694 -3.135524
3.704 -3.143216
3.714 -3.144252
3.724 -3.132054
3.734 -3.126717
3.744 -3.123913
3.755 -3.127042
3.765 -3.129570
3.775 -3.128697
3.785 -3.128187
3.795 -3.129173
3.805 -3.131351
3.815 -3.131225
3.825 -3.132184
3.835 -3.134645
3.845 -3.134437
3.855 -3.125852
3.865 -3.117627
3.875 -3.115944
3.885 -3.118966
3.895 -3.126897
3.905 -3.130298
3.915 -3.135441
3.926 -3.133455
3.936 -3.130151
3.946 -3.123290
3.956 -3.122859
3.966 -3.123290
3.976 -3.126306
3.986 -3.130460
3.996 -3.139814
4.006 -3.144086
4.016 -3.145313
4.026 -3.143127
4.036 -3.132635
4.046 -3.129473
4.056 -3.128465
4.066 -3.121963
4.076 -3.113508
4.086 -3.109194
4.096 -3.111490
4.106 -3.111639
4.116 -3.120359
4.126 -3.131043
4.136 -3.136526
4.146 -3.139515
4.156 -3.129299
4.166 -3.120704
4.176 -3.121048
4.186 -3.121640
4.196 -3.122668
4.206 -3.128637
4.216 -3.131015
4.226 -3.123490
4.236 -3.117779
4.246 -3.114689
4.256 -3.118160
4.267 -3.124805
4.277 -3.125797
4.287 -3.124073
4.297 -3.126849
4.307 -3.128775
4.317 -3.132611
4.327 -3.135834
4.337 -3.140032
4.347 -3.139669
4.357 -3.131221
4.367 -3.124483
4.377 -3.122721
4.387 -3.130742
4.397 -3.132449
4.407 -3.133466
4.417 -3.135580
4.427 -3.133194
4.438 -3.131494
4.448 -3.130481
4.458 -3.128382
4.468 -3.123350
4.478 -3.117491
4.488 -3.121614
4.498 -3.123593
4.508 -3.129396
4.518 -3.133787
4.528 -3.140247
4.538 -3.137080
4.548 -3.142889
4.558 -3.133160
4.568 -3.133121
4.578 -3.119495
4.588 -3.127425
4.598 -3.130635
4.608 -3.133651
4.618 -3.139780
4.628 -3.138880
4.638 -3.137994
4.648 -3.128756
4.658 -3.115418
4.668 -3.117934
4.678 -3.118224
4.688 -3.120173
4.698 -3.123391
4.708 -3.125357
4.718 -3.130089
4.728 -3.133947
4.738 -3.137270
4.748 -3.138528
4.758 -3.138612
4.768 -3.138398
4.779 -3.130745
4.789 -3.125571
4.799 -3.123342
4.809 -3.119464
4.819 -3.120199
4.829 -3.125857
4.839 -3.131977
4.849 -3.136015
4.859 -3.145011
4.869 -3.145977
4.879 -3.138540
4.889 -3.132953
4.899 -3.120403
4.909 -3.122890
4.919 -3.129359
4.929 -3.129070
4.939 -3.127472
4.950 -3.120349
4.960 -3.122840
4.970 -3.125620
4.980 -3.118162
4.990 -3.123852
5.000 -3.121706
5.010 -3.122070
5.020 -3.126590
5.030 -3.130077
5.040 -3.138055
5.050 -3.136922
5.060 -3.121387
5.070 -3.123209
5.080 -3.112902
5.090 -3.112765
5.100 -3.127284
5.110 -3.141659
5.120 -3.143997
5.130 -3.148324
5.140 -3.143880
5.150 -3.148175
5.160 -3.142043
5.170 -3.127670
5.180 -3.117223
5.190 -3.105739
5.200 -3.100752
5.210 -3.110910
5.220 -3.120204
5.230 -3.128615
5.240 -3.133058
5.250 -3.134537
5.260 -3.138249
5.270 -3.135885
5.280 -3.135474
5.291 -3.133290
5.301 -3.134745
5.311 -3.133198
5.321 -3.136888
5.331 -3.138190
5.341 -3.136839
5.351 -3.139002
5.361 -3.141082
5.371 -3.140476
5.381 -3.130600
5.391 -3.129629
5.401 -3.127344
5.411 -3.126683
5.421 -3.135062
5.431 -3.136872
5.441 -3.135534
5.451 -3.134724
5.462 -3.128616
5.472 -3.134147
5.482 -3.128312
5.492 -3.127142
5.502 -3.138620
5.512 -3.141582
5.522 -3.141780
5.532 -3.138516
5.542 -3.132618
5.552 -3.119834
5.562 -3.112840
5.572 -3.122309
5.582 -3.126936
5.592 -3.131353
5.602 -3.143362
5.612 -3.138599
5.622 -3.132400
5.632 -3.136270
5.642 -3.137939
5.652 -3.139899
5.662 -3.140485
5.672 -3.140980
5.682 -3.135452
5.692 -3.131695
5.702 -3.135384
5.712 -3.141787
5.722 -3.139865
5.732 -3.131165
5.742 -3.124041
5.752 -3.124203
5.762 -3.122309
5.772 -3.116729
5.782 -3.123819
5.792 -3.122422
5.803 -3.119157
5.813 -3.125613
5.823 -3.123000
5.833 -3.125551
5.843 -3.126832
5.853 -3.132569
5.863 -3.137182
5.873 -3.136662
5.883 -3.133429
5.893 -3.132846
5.903 -3.132598
5.913 -3.131522
5.923 -3.130981
5.933 -3.136675
5.943 -3.135980
5.953 -3.133719
5.963 -3.132822
5.974 -3.131128
5.984 -3.130103
5.994 -3.130599
6.004 -3.131045
6.014 -3.123296
6.024 -3.121251
6.034 -3.122499
6.044 -3.124979
6.054 -3.122977
6.064 -3.119699
6.074 -3.121408
6.084 -3.126381
6.094 -3.127873
6.104 -3.131978
6.114 -3.129220
6.124 -3.122110
6.134 -3.121037
6.144 -3.120781
6.154 -3.125143
6.164 -3.127502
6.174 -3.128168
6.184 -3.128417
6.194 -3.126880
6.204 -3.130054
6.214 -3.133415
6.224 -3.128121
6.234 -3.124854
6.244 -3.124668
6.254 -3.130159
6.264 -3.135506
6.274 -3.132180
6.284 -3.131740
6.294 -3.136164
6.304 -3.141673
6.315 -3.144116
6.325 -3.143532
6.335 -3.138085
6.345 -3.126597
6.355 -3.122839
6.365 -3.125215
6.375 -3.135920
6.385 -3.140217
6.395 -3.138069
6.405 -3.137800
6.415 -3.124225
6.425 -3.114722
6.435 -3.111050
6.445 -3.115191
6.455 -3.122384
6.465 -3.131419
6.475 -3.132714
6.486 -3.121941
6.496 -3.125885
6.506 -3.130727
6.516 -3.133368
6.526 -3.126820
6.536 -3.123801
6.546 -3.121317
6.556 -3.120197
6.566 -3.134112
6.576 -3.146669
6.586 -3.154013
6.596 -3.159958
6.606 -3.156528
6.616 -3.148598
6.626 -3.138723
6.636 -3.139517
6.646 -3.138426
6.656 -3.137358
6.666 -3.124546
6.676 -3.124119
6.686 -3.125955
6.696 -3.126441
6.706 -3.128183
6.716 -3.122742
6.726 -3.126390
6.736 -3.140311
6.746 -3.139822
6.756 -3.146027
6.766 -3.147847
6.776 -3.147594
6.786 -3.147803
6.796 -3.147618
6.806 -3.144630
6.816 -3.146448
6.827 -3.141772
6.837 -3.135890
6.847 -3.152721
6.857 -3.150536
6.867 -3.145915
6.877 -3.144910
6.887 -3.130313
6.897 -3.125379
6.907 -3.130933
6.917 -3.131093
6.927 -3.135560
6.937 -3.137956
6.947 -3.129294
6.957 -3.118404
6.967 -3.120967
6.977 -3.127131
6.987 -3.133795
6.998 -3.135637
7.008 -3.116448
7.018 -3.096715
7.028 -3.088025
7.038 -3.096903
7.048 -3.105420
7.058 -3.105822
7.068 -3.113668
7.078 -3.122615
7.088 -3.134182
7.098 -3.144463
7.108 -3.140485
7.118 -3.136146
7.128 -3.132221
7.138 -3.127318
7.148 -3.123853
7.158 -3.128796
7.168 -3.127227
7.178 -3.128946
7.188 -3.129533
7.198 -3.110949
7.208 -3.102812
7.218 -3.113683
7.228 -3.119695
7.238 -3.123348
7.248 -3.128230
7.258 -3.135425
7.268 -3.137946
7.278 -3.132579
7.288 -3.129311
7.298 -3.131120
7.308 -3.133352
7.318 -3.134270
7.328 -3.130973
7.339 -3.136875
7.349 -3.133975
7.359 -3.141472
7.369 -3.136048
7.379 -3.125135
7.389 -3.124354
7.399 -3.125221
7.409 -3.130169
7.419 -3.127871
7.429 -3.125788
7.439 -3.128657
7.449 -3.125849
7.459 -3.122184
7.469 -3.128530
7.479 -3.131942
7.489 -3.132570
7.499 -3.137508
7.510 -3.141213
7.520 -3.145973
7.530 -3.149634
7.540 -3.155547
7.550 -3.154332
7.560 -3.154381
7.570 -3.157854
7.580 -3.152297
7.590 -3.149372
7.600 -3.146303
7.610 -3.143806
7.620 -3.135432
7.630 -3.142169
7.640 -3.144507
7.650 -3.147078
7.660 -3.156492
7.670 -3.153907
7.680 -3.160614
7.690 -3.159038
7.700 -3.090012
7.710 -3.175748
7.720 -3.157725
7.730 -3.166567
7.740 -3.168157
7.750 -3.169122
7.760 -3.178510
7.770 -3.185777
7.780 -3.198714
7.790 -3.209602
7.800 -3.223621
7.810 -3.228309
7.820 -3.227718
7.830 -3.229842
7.840 -3.212249
7.851 -3.212002
7.861 -3.225650
7.871 -3.235030
7.881 -3.247281
7.891 -3.256619
7.901 -3.249558
7.911 -3.255685
7.921 -3.254382
7.931 -3.256657
7.941 -3.265475
7.951 -3.265215
7.961 -3.271304
7.971 -3.280500
7.981 -3.287856
7.991 -3.291083
8.001 -3.298981
8.011 -3.306684
8.022 -3.327746
8.032 -3.341567
8.042 -3.340789
8.052 -3.343058
8.062 -3.348470
8.072 -3.357723
8.082 -3.366805
8.092 -3.372056
8.102 -3.382189
8.112 -3.379846
8.122 -3.372992
8.132 -3.376030
8.142 -3.381290
8.152 -3.389109
8.162 -3.399706
8.172 -3.444981
8.182 -3.462884
8.192 -3.474076
8.202 -3.475083
8.212 -3.468599
8.222 -3.457199
8.232 -3.458230
8.242 -3.464998
8.252 -3.487046
8.262 -3.513527
8.272 -3.522866
8.282 -3.528586
8.292 -3.498052
8.302 -3.548490
8.312 -3.521673
8.322 -3.495482
8.332 -3.491201
8.342 -3.485081
8.352 -3.508438
8.363 -3.555008
8.373 -3.585539
8.383 -3.591265
8.393 -3.578388
8.403 -3.595492
8.413 -3.587343
8.423 -3.593709
8.433 -3.599802
8.443 -3.608302
8.453 -3.618389
8.463 -3.625579
8.473 -3.637500
8.483 -3.635842
8.493 -3.630849
8.503 -3.632837
8.513 -3.640079
8.523 -3.656636
8.534 -3.653041
8.544 -3.665941
8.554 -3.660479
8.564 -3.664654
8.574 -3.664247
8.584 -3.674314
8.594 -3.688497
8.604 -3.700839
8.614 -3.707517
8.624 -3.713459
8.634 -3.715150
8.644 -3.717632
8.654 -3.726062
8.664 -3.734334
8.674 -3.738467
8.684 -3.728654
8.694 -3.736643
8.704 -3.743130
8.714 -3.755962
8.724 -3.771440
8.734 -3.775409
8.744 -3.779550
8.754 -3.770465
8.764 -3.776497
8.774 -3.781860
8.784 -3.792446
8.794 -3.801551
8.804 -3.803760
8.814 -3.800690
8.824 -3.810819
8.834 -3.817408
8.844 -3.820961
8.854 -3.821682
8.864 -3.820226
8.875 -3.827436
8.885 -3.843777
8.895 -3.870534
8.905 -3.887135
8.915 -3.888040
8.925 -3.877687
8.935 -3.867311
8.945 -3.847588
8.955 -3.858252
8.965 -3.861824
8.975 -3.861643
8.985 -3.868654
8.995 -3.881463
9.005 -3.881577
9.015 -3.873060
9.025 -3.877383
9.035 -3.866919
9.046 -3.833792
9.056 -3.807964
9.066 -3.808597
9.076 -3.808702
9.086 -3.797590
9.096 -3.777285
9.106 -3.767807
9.116 -3.728543
9.126 -3.663044
9.136 -3.582135
9.146 -3.515042
9.156 -3.526857
9.166 -3.561513
9.176 -3.601024
9.186 -3.614562
9.196 -3.602390
9.206 -3.575103
9.216 -3.550349
9.226 -3.529420
9.236 -3.463671
9.246 -3.378777
9.256 -3.301644
9.266 -3.242084
9.276 -3.219165
9.286 -3.225509
9.296 -3.228672
9.306 -3.234825
9.316 -3.231096
9.326 -3.219743
9.336 -3.171637
9.346 -3.182824
9.356 -3.117150
9.366 -3.129615
9.376 -3.033362
9.387 -3.044443
9.397 -3.008134
9.407 -2.998879
9.417 -2.988940
9.427 -2.972216
9.437 -2.934767
9.447 -2.909171
9.457 -2.888644
9.467 -2.871529
9.477 -2.848551
9.487 -2.842233
9.497 -2.824027
9.507 -2.784462
9.517 -2.765852
9.527 -2.739986
9.537 -2.731564
9.547 -2.707901
9.558 -2.664173
9.568 -2.582288
9.578 -2.569830
9.588 -2.567121
9.598 -2.579314
9.608 -2.599377
9.618 -2.604984
9.628 -2.599836
9.638 -2.605197
9.648 -2.602652
9.658 -2.586259
9.668 -2.567852
9.678 -2.545487
9.688 -2.537040
9.698 -2.541229
9.708 -2.550595
9.718 -2.559339
9.728 -2.564675
9.738 -2.563953
9.748 -2.568943
9.758 -2.580840
9.768 -2.602946
9.778 -2.619462
9.788 -2.630990
9.798 -2.633496
9.808 -2.636545
9.818 -2.654416
9.828 -2.638446
9.838 -2.675188
9.848 -2.705179
9.858 -2.732941
9.868 -2.733088
9.878 -2.749912
9.888 -2.775717
9.899 -2.794919
9.909 -2.832282
9.919 -2.852705
9.929 -2.849071
9.939 -2.847263
9.949 -2.863037
9.959 -2.950181
9.969 -2.966683
9.979 -3.018605
9.989 -3.051159
9.999 -3.065338
10.009 -3.073577
10.019 -3.083787
10.029 -3.117078
10.039 -3.129478
10.049 -3.049570
10.059 -3.391817
10.070 -3.205760
10.080 -3.363199
10.090 -3.450612
10.100 -3.358634
10.110 -3.233217
10.120 -3.248118
10.130 -3.324409
10.140 -3.349146
10.150 -3.370868
10.160 -3.392883
10.170 -3.384894
10.180 -3.383412
10.190 -3.433083
10.200 -3.427984
10.210 -3.307542
10.220 -3.396803
10.230 -3.474725
10.240 -3.609890
10.250 -3.729422
10.260 -3.873084
10.270 -3.814954
10.280 -3.726610
10.290 -3.602900
10.300 -3.491891
10.310 -3.418483
10.320 -3.377556
10.330 -3.383529
10.340 -3.364921
10.350 -3.402165
10.360 -3.467565
10.370 -3.453635
10.380 -3.576749
10.390 -3.686868
10.400 -3.710385
10.411 -3.739548
10.421 -3.819991
10.431 -3.801908
10.441 -3.823924
10.451 -3.791511
10.461 -3.740346
10.471 -3.686435
10.481 -3.551143
10.491 -3.472707
10.501 -3.519199
10.511 -3.634764
10.521 -3.522875
10.531 -3.344128
10.541 -3.362925
10.551 -3.319481
10.561 -3.290143
10.571 -3.193935
10.582 -3.130082
10.592 -3.276613
10.602 -3.280520
10.612 -3.337928
10.622 -3.353006
10.632 -3.383787
10.642 -3.382635
10.652 -3.448399
10.662 -3.445402
10.672 -3.364424
10.682 -3.254755
10.692 -3.231346
10.702 -3.144060
10.712 -3.203904
10.722 -3.226082
10.732 -3.199955
10.742 -3.146779
10.752 -3.065097
10.762 -2.954196
10.772 -2.932824
10.782 -2.958317
10.792 -2.914298
10.802 -2.884294
10.812 -2.895132
10.822 -2.846984
10.832 -2.945182
10.842 -2.898480
10.852 -2.854928
10.862 -2.879562
10.872 -2.887277
10.882 -2.901388
10.892 -2.945923
10.902 -2.960817
10.912 -2.931890
10.923 -2.881720
10.933 -2.861740
10.943 -2.919126
10.953 -2.869099
10.963 -2.817366
10.973 -2.758535
10.983 -2.729381
10.993 -2.725239
11.003 -2.742583
11.013 -2.800688
11.023 -2.841365
11.033 -2.806141
11.043 -2.763789
11.053 -2.741599
11.063 -2.692915
11.073 -2.660642
11.083 -2.688477
11.094 -2.740875
11.104 -2.841650
11.114 -2.911720
11.124 -2.899239
11.134 -2.902713
11.144 -2.835615
11.154 -2.822612
11.164 -2.875945
11.174 -2.944178
11.184 -2.986998
11.194 -2.991622
11.204 -3.035154
11.214 -3.008428
11.224 -2.986908
11.234 -2.980910
11.244 -2.957013
11.254 -2.966225
11.264 -3.005507
11.274 -3.073917
11.284 -3.089332
11.294 -3.152155
11.304 -3.143098
11.314 -3.122789
11.324 -3.125070
11.334 -3.081241
11.344 -3.063248
11.354 -3.089680
11.364 -3.133425
11.374 -3.163922
11.384 -3.184736
11.394 -3.218234
11.404 -3.281990
11.414 -3.293239
11.424 -3.259792
11.435 -3.251495
11.445 -3.261315
11.455 -3.324580
11.465 -3.386160
11.475 -3.389383
11.485 -3.378003
11.495 -3.381957
11.505 -3.370492
11.515 -3.372420
11.525 -3.370452
11.535 -3.385942
11.545 -3.399818
11.555 -3.362850
11.565 -3.475356
11.575 -3.503481
11.585 -3.447485
11.595 -3.446413
11.606 -3.431095
11.616 -3.448072
11.626 -3.486890
11.636 -3.544649
11.646 -3.514641
11.656 -3.502759
11.666 -3.483918
11.676 -3.463808
11.686 -3.438112
11.696 -3.392200
11.706 -3.389538
11.716 -3.492974
11.726 -3.497155
11.736 -3.473819
11.746 -3.430518
11.756 -3.402792
11.766 -3.395367
11.776 -3.395326
11.786 -3.392951
11.796 -3.373243
11.806 -3.375933
11.816 -3.431840
11.826 -3.443564
11.836 -3.410401
11.846 -3.388835
11.856 -3.368412
11.866 -3.328700
11.876 -3.320724
11.886 -3.347597
11.896 -3.347314
11.906 -3.370260
11.916 -3.361104
11.926 -3.303018
11.936 -3.249404
11.947 -3.165515
11.957 -3.153994
11.967 -3.138971
11.977 -3.184478
11.987 -3.241569
11.997 -3.243021
12.007 -3.216503
12.017 -3.134648
12.027 -3.088320
12.037 -3.025100
12.047 -3.030656
12.057 -3.073107
12.067 -3.113067
12.077 -3.136562
12.087 -3.153835
12.097 -3.171952
12.107 -3.132253
12.118 -3.087391
12.128 -3.056530
12.138 -3.044947
12.148 -3.038177
12.158 -3.031994
12.168 -3.026740
12.178 -3.015064
12.188 -2.998942
12.198 -2.981885
12.208 -2.947357
12.218 -2.908483
12.228 -2.897449
12.238 -2.920505
12.248 -2.947704
12.258 -2.953601
12.268 -2.946535
12.278 -2.924236
12.288 -2.903060
12.298 -2.878042
12.308 -2.867955
12.318 -2.891432
12.328 -2.912247
12.338 -2.922243
12.348 -2.959975
12.358 -2.960923
12.368 -2.958429
12.378 -2.958514
12.388 -2.931666
12.398 -2.899467
12.408 -2.883247
12.418 -2.890272
12.428 -2.924849
12.438 -2.964081
12.448 -2.989616
12.459 -2.984306
12.469 -2.980155
12.479 -2.967960
12.489 -2.965506
12.499 -2.958614
12.509 -2.964469
12.519 -2.973601
12.529 -2.995190
12.539 -3.003226
12.549 -3.009146
12.559 -3.030808
12.569 -3.055595
12.579 -3.079691
12.589 -3.081574
12.599 -3.067968
12.609 -3.058295
12.619 -3.052400
12.630 -3.050728
12.640 -3.053445
12.650 -3.077655
12.660 -3.113910
12.670 -3.130525
12.680 -3.150199
12.690 -3.153807
12.700 -3.136049
12.710 -3.138027
12.720 -3.150789
12.730 -3.168726
12.740 -3.183750
12.750 -3.201808
12.760 -3.207773
12.770 -3.189113
12.780 -3.177127
12.790 -3.181486
12.800 -3.204648
12.810 -3.236259
12.820 -3.273697
12.830 -3.311755
12.840 -3.333213
12.850 -3.338505
12.860 -3.326193
12.870 -3.280388
12.880 -3.271780
12.890 -3.271236
12.900 -3.291503
12.910 -3.333506
12.920 -3.374303
12.930 -3.396962
12.940 -3.386482
12.950 -3.361624
12.960 -3.339781
12.971 -3.340068
12.981 -3.339021
12.991 -3.328133
13.001 -3.328939
13.011 -3.351578
13.021 -3.365736
13.031 -3.370609
13.041 -3.329053
13.051 -3.299787
13.061 -3.257977
13.071 -3.253424
13.081 -3.284969
13.091 -3.325535
13.101 -3.347046
13.111 -3.363580
13.121 -3.345456
13.131 -3.340923
13.142 -3.349164
13.152 -3.343897
13.162 -3.317143
13.172 -3.193741
13.182 -3.128943
13.192 -3.113829
13.202 -3.136972
13.212 -3.184785
13.222 -3.220551
13.232 -3.233931
13.242 -3.271698
13.252 -3.286611
13.262 -3.255899
13.272 -3.210897
13.282 -3.149854
13.292 -3.092013
13.302 -3.075187
13.312 -3.093285
13.322 -3.110081
13.332 -3.113130
13.342 -3.131962
13.352 -3.151691
13.362 -3.158543
13.372 -3.125500
13.382 -3.031165
13.392 -3.003458
13.402 -3.004884
13.412 -3.027382
13.422 -3.041808
13.432 -3.036107
13.442 -3.041499
13.452 -3.054535
13.462 -3.057632
13.472 -3.036990
13.483 -3.034459
13.493 -3.039412
13.503 -3.060792
13.513 -3.075393
13.523 -3.029630
13.533 -3.019969
13.543 -3.002874
13.553 -2.992276
13.563 -2.971984
13.573 -2.970977
13.583 -2.975356
13.593 -2.982615
13.603 -2.990273
13.613 -3.013586
13.623 -3.007493
13.633 -3.005124
13.643 -3.022382
13.654 -3.018277
13.664 -2.997310
13.674 -2.986940
13.684 -2.978645
13.694 -2.981067
13.704 -2.989392
13.714 -3.036834
13.724 -3.053171
13.734 -3.068557
13.744 -3.084691
13.754 -3.104592
13.764 -3.127003
13.774 -3.141618
13.784 -3.139356
13.794 -3.106441
13.804 -3.080832
13.814 -3.069760
13.824 -3.065487
13.834 -3.060373
13.844 -3.075281
13.854 -3.073590
13.864 -3.067746
13.874 -3.068479
13.884 -3.066230
13.894 -3.065604
13.904 -3.075611
13.914 -3.104997
13.924 -3.126553
13.934 -3.151755
13.944 -3.156184
13.954 -3.145339
13.964 -3.129815
13.974 -3.113181
13.984 -3.091401
13.995 -3.100359
14.005 -3.110713
14.015 -3.126718
14.025 -3.152663
14.035 -3.184735
14.045 -3.219878
14.055 -3.249907
14.065 -3.233259
14.075 -3.200182
14.085 -3.161346
14.095 -3.136263
14.105 -3.120825
14.115 -3.138746
14.125 -3.173211
14.135 -3.207080
14.145 -3.239067
14.155 -3.261328
14.166 -3.253807
14.176 -3.237833
14.186 -3.224049
14.196 -3.218193
14.206 -3.196490
14.216 -3.190366
14.226 -3.199064
14.236 -3.217350
14.246 -3.240850
14.256 -3.240394
14.266 -3.232262
14.276 -3.212685
14.286 -3.183272
14.296 -3.163026
14.306 -3.151271
14.316 -3.156876
14.326 -3.188132
14.336 -3.217205
14.346 -3.226893
14.356 -3.241461
14.366 -3.249822
14.376 -3.245737
14.386 -3.231894
14.396 -3.216083
14.406 -3.213787
14.416 -3.221834
14.426 -3.228504
14.436 -3.242132
14.446 -3.234241
14.456 -3.203750
14.466 -3.153150
14.476 -3.132360
14.486 -3.136513
14.496 -3.151672
14.507 -3.154405
14.517 -3.150424
14.527 -3.158515
14.537 -3.183589
14.547 -3.210172
14.557 -3.217037
14.567 -3.199888
14.577 -3.168539
14.587 -3.136020
14.597 -3.103241
14.607 -3.101041
14.617 -3.122749
14.627 -3.137416
14.637 -3.154313
14.647 -3.158305
14.657 -3.149827
14.667 -3.130095
14.678 -3.096761
14.688 -3.066930
14.698 -3.057892
14.708 -3.053831
14.718 -3.078500
14.728 -3.087887
14.738 -3.122584
14.748 -3.134557
14.758 -3.142318
14.768 -3.114921
14.778 -3.096763
14.788 -3.084955
14.798 -3.082262
14.808 -3.098538
14.818 -3.104673
14.828 -3.102714
14.838 -3.110137
14.848 -3.104641
14.858 -3.081784
14.868 -3.060211
14.878 -3.035784
14.888 -3.028824
14.898 -3.035100
14.908 -3.055261
14.918 -3.080278
14.928 -3.101391
14.938 -3.106677
14.948 -3.107335
14.958 -3.089519
14.968 -3.059557
14.978 -3.036696
14.988 -3.040488
14.998 -3.058966
15.008 -3.076939
15.019 -3.098672
15.029 -3.110189
15.039 -3.115282
15.049 -3.110494
15.059 -3.096482
15.069 -3.087164
15.079 -3.064718
15.089 -3.045886
15.099 -3.050950
15.109 -3.085331
15.119 -3.096018
15.129 -3.107616
15.139 -3.119796
15.149 -3.135592
15.159 -3.122690
15.169 -3.097856
15.179 -3.070335
15.190 -3.116287
15.200 -3.055773
15.210 -3.113202
15.220 -3.112848
15.230 -3.137631
15.240 -3.141923
15.250 -3.158737
15.260 -3.153185
15.270 -3.137180
15.280 -3.123690
15.290 -3.117841
15.300 -3.112331
15.310 -3.105557
15.320 -3.102531
15.330 -3.112255
15.340 -3.125800
15.350 -3.152292
15.360 -3.157387
15.370 -3.168889
15.380 -3.178483
15.390 -3.185951
15.400 -3.198267
15.410 -3.198162
15.420 -3.196318
15.430 -3.197370
15.440 -3.198760
15.450 -3.207788
15.460 -3.215043
15.470 -3.203895
15.480 -3.192541
15.490 -3.159794
15.500 -3.174787
15.510 -3.176233
15.520 -3.181374
15.531 -3.181904
15.541 -3.150506
15.551 -3.130360
15.561 -3.166150
15.571 -3.163567
15.581 -3.196518
15.591 -3.196673
15.601 -3.188040
15.611 -3.208885
15.621 -3.213212
15.631 -3.205131
15.641 -3.180806
15.651 -3.183438
15.661 -3.197115
15.671 -3.206853
15.681 -3.210597
15.691 -3.203566
15.702 -3.195993
15.712 -3.173231
15.722 -3.161420
15.732 -3.149686
15.742 -3.149031
15.752 -3.144200
15.762 -3.143126
15.772 -3.136785
15.782 -3.140861
15.792 -3.155446
15.802 -3.167227
15.812 -3.180197
15.822 -3.185288
15.832 -3.183340
15.842 -3.171828
15.852 -3.145272
15.862 -3.124458
15.872 -3.119155
15.882 -3.125202
15.892 -3.130257
15.902 -3.130316
15.912 -3.130516
15.922 -3.137172
15.932 -3.136347
15.942 -3.125264
15.952 -3.109441
15.962 -3.096113
15.972 -3.085577
15.982 -3.086934
15.992 -3.098171
16.002 -3.119206
16.012 -3.141061
16.022 -3.148671
16.032 -3.147880
16.043 -3.147972
16.053 -3.146195
16.063 -3.134188
16.073 -3.118630
16.083 -3.087172
16.093 -3.064084
16.103 -3.059728
16.113 -3.067299
16.123 -3.082572
16.133 -3.088252
16.143 -3.092323
16.153 -3.093439
16.163 -3.102812
16.173 -3.107581
16.183 -3.115787
16.193 -3.117527
16.203 -3.116613
16.214 -3.107393
16.224 -3.106809
16.234 -3.108700
16.244 -3.111988
16.254 -3.114996
16.264 -3.125247
16.274 -3.127711
16.284 -3.131510
16.294 -3.127367
16.304 -3.121630
16.314 -3.097005
16.324 -3.089450
16.334 -3.087862
16.344 -3.089460
16.354 -3.090070
16.364 -3.093162
16.374 -3.106763
16.384 -3.116975
16.394 -3.129077
16.404 -3.131614
16.414 -3.132535
16.424 -3.127946
16.434 -3.124862
16.444 -3.127820
16.454 -3.101004
16.464 -3.097965
16.474 -3.115835
16.484 -3.136449
16.494 -3.161857
16.504 -3.170664
16.514 -3.166979
16.524 -3.163559
16.534 -3.152634
16.544 -3.144104
16.555 -3.135864
16.565 -3.126872
16.575 -3.132683
16.585 -3.144647
16.595 -3.155590
16.605 -3.171579
16.615 -3.184152
16.625 -3.191040
16.635 -3.185251
16.645 -3.177633
16.655 -3.168979
16.665 -3.165710
16.675 -3.166436
16.685 -3.166106
16.695 -3.165653
16.705 -3.174495
16.715 -3.192074
16.726 -3.201417
16.736 -3.187892
16.746 -3.180654
16.756 -3.167157
16.766 -3.168184
16.776 -3.166468
16.786 -3.175513
16.796 -3.179820
16.806 -3.179415
16.816 -3.174719
16.826 -3.176266
16.836 -3.176206
16.846 -3.174077
16.856 -3.165091
16.866 -3.163273
16.876 -3.165674
16.886 -3.174231
16.896 -3.175565
16.906 -3.174311
16.916 -3.177170
16.926 -3.180161
16.936 -3.174926
16.946 -3.174433
16.956 -3.174095
16.966 -3.178527
16.976 -3.177373
16.986 -3.178070
16.996 -3.174988
17.006 -3.168889
17.016 -3.159541
17.026 -3.160689
17.036 -3.158463
17.046 -3.160456
17.056 -3.162154
17.067 -3.164911
17.077 -3.176575
17.087 -3.176035
17.097 -3.176477
17.107 -3.169356
17.117 -3.173767
17.127 -3.169779
17.137 -3.165885
17.147 -3.161754
17.157 -3.161633
17.167 -3.158441
17.177 -3.155858
17.187 -3.154089
17.197 -3.160006
17.207 -3.162532
17.217 -3.160572
17.227 -3.155097
17.238 -3.154916
17.248 -3.154644
17.258 -3.148832
17.268 -3.152914
17.278 -3.153588
17.288 -3.152576
17.298 -3.150363
17.308 -3.147966
17.318 -3.156113
17.328 -3.161569
17.338 -3.168018
17.348 -3.165244
17.358 -3.166304
17.368 -3.157995
17.378 -3.149080
17.388 -3.145067
17.398 -3.156347
17.408 -3.153734
17.418 -3.149719
17.428 -3.146442
17.438 -3.148758
17.448 -3.152513
17.458 -3.160829
17.468 -3.165200
17.478 -3.172297
17.488 -3.163958
17.498 -3.168286
17.508 -3.164202
17.518 -3.162604
17.528 -3.138170
17.538 -3.145454
17.548 -3.168258
17.558 -3.178498
17.568 -3.177803
17.579 -3.167235
17.589 -3.163567
17.599 -3.169025
17.609 -3.169461
17.619 -3.187233
17.629 -3.119950
17.639 -3.250704
17.649 -3.168132
17.659 -3.189719
17.669 -3.154700
17.679 -3.172963
17.689 -3.168704
17.699 -3.169679
17.709 -3.172792
17.719 -3.165001
17.729 -3.174839
17.739 -3.178626
17.750 -3.172999
17.760 -3.160989
17.770 -3.152135
17.780 -3.145986
17.790 -3.149069
17.800 -3.149115
17.810 -3.155420
17.820 -3.167160
17.830 -3.176341
17.840 -3.174739
17.850 -3.163151
17.860 -3.148127
17.870 -3.144217
17.880 -3.150844
17.890 -3.161910
17.900 -3.154748
17.910 -3.165351
17.920 -3.180498
17.930 -3.182050
17.940 -3.178956
17.950 -3.167610
17.960 -3.156080
17.970 -3.148482
17.980 -3.148880
17.990 -3.145421
18.000 -3.142787
18.010 -3.143351
18.020 -3.148613
18.030 -3.159525
18.040 -3.159577
18.050 -3.155788
18.060 -3.153771
18.070 -3.150371
18.080 -3.144451
18.091 -3.142445
18.101 -3.147760
18.111 -3.149043
18.121 -3.147262
18.131 -3.150754
18.141 -3.160177
18.151 -3.167210
18.161 -3.171599
18.171 -3.168267
18.181 -3.158590
18.191 -3.147481
18.201 -3.145345
18.211 -3.143493
18.221 -3.142522
18.231 -3.143273
18.241 -3.153120
18.251 -3.163301
18.262 -3.176925
18.272 -3.178109
18.282 -3.169475
18.292 -3.163545
18.302 -3.154409
18.312 -3.153673
18.322 -3.148005
18.332 -3.147700
18.342 -3.144222
18.352 -3.146409
18.362 -3.150773
18.372 -3.163301
18.382 -3.172510
18.392 -3.169543
18.402 -3.132913
18.412 -3.177323
18.422 -3.170285
18.432 -3.165489
18.442 -3.158753
18.452 -3.160278
18.462 -3.168730
18.472 -3.175614
18.482 -3.172510
18.492 -3.165053
18.502 -3.166436
18.512 -3.175771
18.522 -3.174761
18.532 -3.174213
18.542 -3.160010
18.552 -3.163051
18.562 -3.153046
18.572 -3.150159
18.582 -3.159356
18.592 -3.172094
18.603 -3.179316
18.613 -3.188969
18.623 -3.190934
18.633 -3.186456
18.643 -3.174587
18.653 -3.167534
18.663 -3.165241
18.673 -3.162461
18.683 -3.161769
18.693 -3.157896
18.703 -3.160174
18.713 -3.162973
18.723 -3.175854
18.733 -3.181469
18.743 -3.190659
18.753 -3.178884
18.763 -3.175853
18.774 -3.165339
18.784 -3.163224
18.794 -3.154604
18.804 -3.148817
18.814 -3.150305
18.824 -3.164499
18.834 -3.170145
18.844 -3.168709
18.854 -3.165597
18.864 -3.165851
18.874 -3.161589
18.884 -3.158951
18.894 -3.163864
18.904 -3.163295
18.914 -3.166762
18.924 -3.168217
18.934 -3.167533
18.944 -3.170289
18.954 -3.164601
18.964 -3.159156
18.974 -3.156678
18.984 -3.154224
18.994 -3.162661
1.306 -3.116310
1.316 -3.113304
1.326 -3.106470
1.336 -3.102160
1.346 -3.104995
1.356 -3.110356
1.366 -3.114888
1.376 -3.120454
1.386 -3.125879
1.396 -3.122843
1.406 -3.120606
1.416 -3.119193
1.426 -3.116704
1.436 -3.119056
1.446 -3.123458
1.456 -3.120311
1.466 -3.114269
1.476 -3.113276
1.486 -3.118588
1.496 -3.128579
1.506 -3.134785
1.516 -3.135040
1.526 -3.131472
1.536 -3.124950
1.546 -3.114882
1.556 -3.107188
1.566 -3.105192
1.576 -3.115136
1.586 -3.126198
1.596 -3.134237
1.606 -3.140880
1.616 -3.144678
1.626 -3.141430
1.636 -3.146613
1.646 -3.135790
1.656 -3.119444
1.666 -3.114622
1.676 -3.116057
1.686 -3.118913
1.696 -3.124026
1.707 -3.134653
1.717 -3.141900
1.727 -3.145989
1.737 -3.148697
1.747 -3.145696
1.757 -3.139349
1.767 -3.131629
1.777 -3.134245
1.787 -3.140031
1.797 -3.141206
1.807 -3.138735
1.817 -3.131315
1.827 -3.129432
1.837 -3.126157
1.847 -3.129063
1.857 -3.137518
1.867 -3.143714
1.878 -3.146266
1.888 -3.150462
1.898 -3.149935
1.908 -3.139817
1.918 -3.127926
1.928 -3.129706
1.938 -3.131211
1.948 -3.134411
1.958 -3.150820
1.968 -3.153490
1.978 -3.155232
1.988 -3.162335
1.998 -3.167852
2.008 -3.165267
2.018 -3.157917
2.028 -3.154787
2.038 -3.139795
2.048 -3.131092
2.058 -3.133637
2.068 -3.146109
2.078 -3.157233
2.088 -3.164543
2.098 -3.161971
2.108 -3.150535
2.118 -3.144450
2.128 -3.143490
2.138 -3.144929
2.148 -3.150069
2.158 -3.148300
2.168 -3.146904
2.178 -3.146009
2.188 -3.146317
2.198 -3.151670
2.208 -3.153853
2.219 -3.152863
2.229 -3.149588
2.239 -3.142241
2.249 -3.134959
2.259 -3.135283
2.269 -3.134267
2.279 -3.133561
2.289 -3.136035
2.299 -3.170464
2.309 -3.153881
2.319 -3.156283
2.329 -3.153306
2.339 -3.142393
2.349 -3.129021
2.359 -3.126084
2.369 -3.128479
2.379 -3.131617
2.390 -3.136582
2.400 -3.140335
2.410 -3.141323
2.420 -3.137726
2.430 -3.139014
2.440 -3.146028
2.450 -3.148941
2.460 -3.151564
2.470 -3.147027
2.480 -3.146024
2.490 -3.140265
2.500 -3.134057
2.510 -3.123603
2.520 -3.121709
2.530 -3.122449
2.540 -3.127067
2.550 -3.137804
2.560 -3.140372
2.570 -3.142146
2.580 -3.142560
2.590 -3.143526
2.600 -3.142756
2.610 -3.140552
2.620 -3.132283
2.630 -3.131311
2.640 -3.122958
2.650 -3.132267
2.660 -3.145273
2.670 -3.151027
2.680 -3.148297
2.690 -3.152483
2.700 -3.160673
2.710 -3.169617
2.720 -3.170670
2.731 -3.175879
2.741 -3.171400
2.751 -3.168141
2.761 -3.178296
2.771 -3.185610
2.781 -3.194668
2.791 -3.201207
2.801 -3.209413
2.811 -3.212878
2.821 -3.208090
2.831 -3.204622
2.841 -3.191017
2.851 -3.184219
2.861 -3.183821
2.871 -3.192912
2.881 -3.208376
2.891 -3.224994
2.902 -3.234611
2.912 -3.235498
2.922 -3.231574
2.932 -3.237251
2.942 -3.240583
2.952 -3.240390
2.962 -3.252532
2.972 -3.272940
2.982 -3.283986
2.992 -3.285298
3.002 -3.280543
3.012 -3.265685
3.022 -3.268309
3.032 -3.279230
3.042 -3.291069
3.052 -3.303924
3.062 -3.308076
3.072 -3.308649
3.082 -3.313184
3.092 -3.314921
3.102 -3.323082
3.112 -3.331824
3.122 -3.349725
3.132 -3.370239
3.142 -3.386459
3.152 -3.396023
3.162 -3.394381
3.172 -3.382817
3.182 -3.374402
3.192 -3.362956
3.202 -3.359045
3.212 -3.360078
3.222 -3.361393
3.232 -3.363536
3.243 -3.369115
3.253 -3.372853
3.263 -3.370058
3.273 -3.365546
3.283 -3.362882
3.293 -3.361335
3.303 -3.370022
3.313 -3.381448
3.323 -3.395763
3.333 -3.398862
3.343 -3.393734
3.353 -3.375901
3.363 -3.365255
3.373 -3.333031
3.383 -3.336648
3.393 -3.328776
3.403 -3.328259
3.414 -3.327377
3.424 -3.329354
3.434 -3.325191
3.444 -3.313069
3.454 -3.305356
3.464 -3.290877
3.474 -3.285343
3.484 -3.279126
3.494 -3.273696
3.504 -3.260375
3.514 -3.251165
3.524 -3.257343
3.534 -3.263521
3.544 -3.256357
3.554 -3.235366
3.564 -3.213372
3.574 -3.188182
3.584 -3.175086
3.594 -3.170286
3.604 -3.164086
3.614 -3.152351
3.624 -3.145491
3.634 -3.132272
3.644 -3.119048
3.654 -3.112998
3.664 -3.102504
3.674 -3.097803
3.684 -3.092190
3.694 -3.080399
3.704 -3.069004
3.714 -3.061557
3.724 -3.045978
3.734 -3.040398
3.744 -3.041452
3.755 -3.040436
3.765 -3.035634
3.775 -3.025418
3.785 -3.010128
3.795 -2.987252
3.805 -2.970797
3.815 -2.961542
3.825 -2.961265
3.835 -2.965427
3.845 -2.968000
3.855 -2.973397
3.865 -2.974832
3.875 -2.961029
3.885 -2.955623
3.895 -2.945006
3.905 -2.940816
3.915 -2.941028
3.926 -2.946863
3.936 -2.949394
3.946 -2.954533
3.956 -2.964673
3.966 -2.975026
3.976 -2.981407
3.986 -2.987204
3.996 -2.986627
4.006 -2.977715
4.016 -2.966177
4.026 -2.958392
4.036 -2.955914
4.046 -2.959475
4.056 -2.959140
4.066 -2.966239
4.076 -2.979797
4.086 -2.990548
4.096 -3.000252
4.106 -3.003250
4.116 -3.008254
4.126 -3.017844
4.136 -3.032665
4.146 -3.049746
4.156 -3.071445
4.166 -3.087007
4.176 -3.101025
4.186 -3.109822
4.196 -3.111426
4.206 -3.095514
4.216 -3.080090
4.226 -3.065851
4.236 -3.072762
4.246 -3.105082
4.256 -3.128322
4.267 -3.150788
4.277 -3.161813
4.287 -3.175200
4.297 -3.184634
4.307 -3.180884
4.317 -3.172124
4.327 -3.168654
4.337 -3.169039
4.347 -3.175892
4.357 -3.189378
4.367 -3.223307
4.377 -3.255005
4.387 -3.282417
4.397 -3.292419
4.407 -3.293551
4.417 -3.278648
4.427 -3.271534
4.438 -3.263395
4.448 -3.264325
4.458 -3.280537
4.468 -3.301297
4.478 -3.323165
4.488 -3.332920
4.498 -3.338649
4.508 -3.344164
4.518 -3.342132
4.528 -3.336476
4.538 -3.322112
4.548 -3.312549
4.558 -3.326561
4.568 -3.333447
4.578 -3.338558
4.588 -3.344035
4.598 -3.351209
4.608 -3.357909
4.618 -3.362833
4.628 -3.360055
4.638 -3.347329
4.648 -3.327489
4.658 -3.313353
4.668 -3.315635
4.678 -3.323798
4.688 -3.330028
4.698 -3.329732
4.708 -3.329457
4.718 -3.323482
4.728 -3.313391
4.738 -3.310899
4.748 -3.310306
4.758 -3.296663
4.768 -3.295485
4.779 -3.292125
4.789 -3.286102
4.799 -3.275774
4.809 -3.261377
4.819 -3.245165
4.829 -3.238791
4.839 -3.238191
4.849 -3.232620
4.859 -3.219908
4.869 -3.212057
4.879 -3.199110
4.889 -3.188903
4.899 -3.188581
4.909 -3.186589
4.919 -3.181504
4.929 -3.175343
4.939 -3.171255
4.950 -3.162216
4.960 -3.150591
4.970 -3.138642
4.980 -3.128473
4.990 -3.122662
5.000 -3.116645
5.010 -3.102259
5.020 -3.085686
5.030 -3.074450
5.040 -3.070608
5.050 -3.074084
5.060 -3.077003
5.070 -3.082218
5.080 -3.082713
5.090 -3.066829
5.100 -3.050689
5.110 -3.029257
5.120 -3.008565
5.130 -3.003838
5.140 -3.012791
5.150 -3.019515
5.160 -3.018082
5.170 -3.020525
5.180 -3.020534
5.190 -3.017290
5.200 -3.016456
5.210 -3.017452
5.220 -3.018604
5.230 -3.010775
5.240 -3.000118
5.250 -2.994220
5.260 -2.995455
5.270 -3.002811
5.280 -3.013378
5.291 -3.011060
5.301 -3.014419
5.311 -3.014643
5.321 -3.019893
5.331 -3.015763
5.341 -2.988878
5.351 -2.969912
5.361 -2.957754
5.371 -2.965881
5.381 -2.980774
5.391 -3.005129
5.401 -3.028419
5.411 -3.049029
5.421 -3.072422
5.431 -3.074154
5.441 -3.071607
5.451 -3.060000
5.462 -3.054271
5.472 -3.048944
5.482 -3.052565
5.492 -3.074234
5.502 -3.099698
5.512 -3.124412
5.522 -3.137216
5.532 -3.157826
5.542 -3.154498
5.552 -3.144749
5.562 -3.134215
5.572 -3.123247
5.582 -3.113787
5.592 -3.118705
5.602 -3.147472
5.612 -3.163325
5.622 -3.183267
5.632 -3.195647
5.642 -3.213384
5.652 -3.218793
5.662 -3.214994
5.672 -3.215661
5.682 -3.206631
5.692 -3.198349
5.702 -3.207634
5.712 -3.225168
5.722 -3.247201
5.732 -3.263284
5.742 -3.271512
5.752 -3.278268
5.762 -3.283315
5.772 -3.276175
5.782 -3.269819
5.792 -3.257452
5.803 -3.263711
5.813 -3.282779
5.823 -3.303974
5.833 -3.319096
5.843 -3.330556
5.853 -3.337805
5.863 -3.332244
5.873 -3.315866
5.883 -3.306394
5.893 -3.298177
5.903 -3.302690
5.913 -3.308422
5.923 -3.311174
5.933 -3.316383
5.943 -3.326087
5.953 -3.332060
5.963 -3.335699
5.974 -3.347128
5.984 -3.348096
5.994 -3.335244
6.004 -3.322453
6.014 -3.311118
6.024 -3.305695
6.034 -3.309671
6.044 -3.318040
6.054 -3.315994
6.064 -3.309339
6.074 -3.306350
6.084 -3.302668
6.094 -3.289829
6.104 -3.272357
6.114 -3.259373
6.124 -3.247440
6.134 -3.244068
6.144 -3.253591
6.154 -3.256080
6.164 -3.251705
6.174 -3.248486
6.184 -3.249667
6.194 -3.244541
6.204 -3.232199
6.214 -3.221909
6.224 -3.211897
6.234 -3.190301
6.244 -3.187869
6.254 -3.181260
6.264 -3.175189
6.274 -3.173355
6.284 -3.174010
6.294 -3.170140
6.304 -3.162138
6.315 -3.142483
6.325 -3.124904
6.335 -3.109168
6.345 -3.102975
6.355 -3.104887
6.365 -3.108179
6.375 -3.114655
6.385 -3.124984
6.395 -3.115427
6.405 -3.111764
6.415 -3.096591
6.425 -3.089491
6.435 -3.072261
6.445 -3.055168
6.455 -3.052157
6.465 -3.058820
6.475 -3.054258
6.486 -3.055816
6.496 -3.053782
6.506 -3.049171
6.516 -3.042535
6.526 -3.037698
6.536 -3.031072
6.546 -3.025305
6.556 -3.016834
6.566 -3.012200
6.576 -3.011319
6.586 -3.014264
6.596 -3.023794
6.606 -3.032777
6.616 -3.038895
6.626 -3.047405
6.636 -3.049042
6.646 -3.053833
6.656 -3.056012
6.666 -3.062415
6.676 -3.061266
6.686 -3.055670
6.696 -3.052428
6.706 -3.053856
6.716 -3.063989
6.726 -3.071224
6.736 -3.081830
6.746 -3.090964
6.756 -3.093154
6.766 -3.096869
6.776 -3.098054
6.786 -3.086396
6.796 -3.076912
6.806 -3.070121
6.816 -3.079981
6.827 -3.110799
6.837 -3.124297
6.847 -3.145317
6.857 -3.161809
6.867 -3.165890
6.877 -3.157491
6.887 -3.141002
6.897 -3.124237
6.907 -3.126234
6.917 -3.122757
6.927 -3.135703
6.937 -3.164738
6.947 -3.186684
6.957 -3.208468
6.967 -3.223397
6.977 -3.230961
6.987 -3.231237
6.998 -3.224699
7.008 -3.223681
7.018 -3.218036
7.028 -3.217749
7.038 -3.231095
7.048 -3.250044
7.058 -3.267060
7.068 -3.282494
7.078 -3.292952
7.088 -3.295290
7.098 -3.289203
7.108 -3.269482
7.118 -3.262072
7.128 -3.255833
7.138 -3.269683
7.148 -3.318633
7.158 -3.321260
7.168 -3.328825
7.178 -3.329707
7.188 -3.318125
7.198 -3.311304
7.208 -3.300283
7.218 -3.295255
7.228 -3.295288
7.238 -3.300974
7.248 -3.307693
7.258 -3.317961
7.268 -3.327216
7.278 -3.327530
7.288 -3.322522
7.298 -3.319106
7.308 -3.312114
7.318 -3.306845
7.328 -3.302054
7.339 -3.307820
7.349 -3.313582
7.359 -3.313382
7.369 -3.301634
7.379 -3.294324
7.389 -3.285346
7.399 -3.275553
7.409 -3.271887
7.419 -3.274763
7.429 -3.274044
7.439 -3.269951
7.449 -3.262707
7.459 -3.258551
7.469 -3.255428
7.479 -3.250697
7.489 -3.254801
7.499 -3.260143
7.510 -3.262568
7.520 -3.254497
7.530 -3.237856
7.540 -3.228036
7.550 -3.213079
7.560 -3.201891
7.570 -3.194994
7.580 -3.185414
7.590 -3.176890
7.600 -3.174292
7.610 -3.173335
7.620 -3.174754
7.630 -3.171578
7.640 -3.165591
7.650 -3.161949
7.660 -3.154557
7.670 -3.146486
7.680 -3.141369
7.690 -3.123862
7.700 -3.112062
7.710 -3.102648
7.720 -3.097164
7.730 -3.102740
7.740 -3.113571
7.750 -3.117405
7.760 -3.117956
7.770 -3.115797
7.780 -3.107658
7.790 -3.096307
7.800 -3.087790
7.810 -3.075283
7.820 -3.068212
7.830 -3.067100
7.840 -3.065873
7.851 -3.063997
7.861 -3.060492
7.871 -3.066901
7.881 -3.073075
7.891 -3.076860
7.901 -3.079207
7.911 -3.079061
7.921 -3.075024
7.931 -3.074409
7.941 -3.071506
7.951 -3.066258
7.961 -3.063119
7.971 -3.065312
7.981 -3.068916
7.991 -3.071388
8.001 -3.069117
8.011 -3.075351
8.022 -3.084716
8.032 -3.085711
8.042 -3.088020
8.052 -3.085347
8.062 -3.089597
8.072 -3.096288
8.082 -3.101223
8.092 -3.109137
8.102 -3.118846
8.112 -3.121279
8.122 -3.130978
8.132 -3.135863
8.142 -3.138211
8.152 -3.141514
8.162 -3.139263
8.172 -3.138460
8.182 -3.134668
8.192 -3.137550
8.202 -3.144466
8.212 -3.159732
8.222 -3.178803
8.232 -3.195663
8.242 -3.207578
8.252 -3.215734
8.262 -3.218463
8.272 -3.223014
8.282 -3.221415
8.292 -3.215339
8.302 -3.209681
8.312 -3.216248
8.322 -3.231589
8.332 -3.238870
8.342 -3.237081
8.352 -3.237070
8.363 -3.247478
8.373 -3.268832
8.383 -3.289166
8.393 -3.293853
8.403 -3.281597
8.413 -3.270285
8.423 -3.270268
8.433 -3.274765
8.443 -3.278263
8.453 -3.282144
8.463 -3.289028
8.473 -3.301631
8.483 -3.308301
8.493 -3.315984
8.503 -3.319148
8.513 -3.317159
8.523 -3.305078
8.534 -3.301924
8.544 -3.309451
8.554 -3.309674
8.564 -3.310066
8.574 -3.310709
8.584 -3.309872
8.594 -3.306592
8.604 -3.308416
8.614 -3.308096
8.624 -3.310981
8.634 -3.312844
8.644 -3.310629
8.654 -3.304815
8.664 -3.304515
8.674 -3.297364
8.684 -3.280683
8.694 -3.272406
8.704 -3.268008
8.714 -3.274114
8.724 -3.284024
8.734 -3.287325
8.744 -3.289730
8.754 -3.284890
8.764 -3.276655
8.774 -3.266617
8.784 -3.262704
8.794 -3.260133
8.804 -3.254707
8.814 -3.251335
8.824 -3.246719
8.834 -3.240377
8.844 -3.227212
8.854 -3.228894
8.864 -3.225026
8.875 -3.222980
8.885 -3.223445
8.895 -3.213063
8.905 -3.197546
8.915 -3.182969
8.925 -3.181568
8.935 -3.175844
8.945 -3.168907
8.955 -3.170844
8.965 -3.171317
8.975 -3.172744
8.985 -3.173409
8.995 -3.169806
9.005 -3.157499
9.015 -3.150529
9.025 -3.141581
9.035 -3.126979
9.046 -3.097006
9.056 -3.126722
9.066 -3.135770
9.076 -3.145751
9.086 -3.148907
9.096 -3.140240
9.106 -3.121394
9.116 -3.100410
9.126 -3.088416
9.136 -3.085532
9.146 -3.089957
9.156 -3.097554
9.166 -3.108372
9.176 -3.114327
9.186 -3.116380
9.196 -3.125049
9.206 -3.127696
9.216 -3.123788
9.226 -3.115890
9.236 -3.107730
9.246 -3.097975
9.256 -3.088129
9.266 -3.085487
9.276 -3.088742
9.286 -3.100314
9.296 -3.109107
9.306 -3.113725
9.316 -3.115134
9.326 -3.113374
9.336 -3.114150
9.346 -3.107198
9.356 -3.108015
9.366 -3.117322
9.376 -3.122978
9.387 -3.131277
9.397 -3.131389
9.407 -3.138943
9.417 -3.145512
9.427 -3.150502
9.437 -3.157759
9.447 -3.161152
9.457 -3.159233
9.467 -3.141959
9.477 -3.151836
9.487 -3.145625
9.497 -3.150965
9.507 -3.159893
9.517 -3.168947
9.527 -3.182323
9.537 -3.204117
9.547 -3.214467
9.558 -3.226835
9.568 -3.238110
9.578 -3.236392
9.588 -3.222446
9.598 -3.207041
9.608 -3.197548
9.618 -3.211307
9.628 -3.224114
9.638 -3.236178
9.648 -3.245784
9.658 -3.252640
9.668 -3.263432
9.678 -3.270265
9.688 -3.271043
9.698 -3.266819
9.708 -3.274363
9.718 -3.273069
9.728 -3.275897
9.738 -3.284727
9.748 -3.288333
9.758 -3.296022
9.768 -3.305159
9.778 -3.307013
9.788 -3.313714
9.798 -3.304636
9.808 -3.299910
9.818 -3.302585
9.828 -3.301270
9.838 -3.295784
9.848 -3.298269
9.858 -3.300498
9.868 -3.301416
9.878 -3.306238
9.888 -3.314076
9.899 -3.314484
9.909 -3.311997
9.919 -3.314202
9.929 -3.308921
9.939 -3.287978
9.949 -3.282102
9.959 -3.287955
9.969 -3.292504
9.979 -3.293757
9.989 -3.298984
9.999 -3.294063
10.009 -3.297020
10.019 -3.298708
10.029 -3.295797
10.039 -3.301328
10.049 -3.299533
10.059 -3.281479
10.070 -3.265732
10.080 -3.240038
10.090 -3.245052
10.100 -3.249326
10.110 -3.256308
10.120 -3.256326
10.130 -3.252764
10.140 -3.242884
10.150 -3.234669
10.160 -3.236319
10.170 -3.240166
10.180 -3.241020
10.190 -3.244330
10.200 -3.240304
10.210 -3.235114
10.220 -3.229264
10.230 -3.211143
10.240 -3.198876
10.250 -3.188480
10.260 -3.174235
10.270 -3.172938
10.280 -3.181682
10.290 -3.189918
10.300 -3.194263
10.310 -3.193042
10.320 -3.185128
10.330 -3.173503
10.340 -3.159201
10.350 -3.143500
10.360 -3.132186
10.370 -3.130038
10.380 -3.135717
10.390 -3.150006
10.400 -3.160538
10.411 -3.167960
10.421 -3.170133
10.431 -3.161817
10.441 -3.146249
10.451 -3.127978
10.461 -3.116437
10.471 -3.113499
10.481 -3.112931
10.491 -3.121843
10.501 -3.135563
10.511 -3.147346
10.521 -3.155917
10.531 -3.150228
10.541 -3.147603
10.551 -3.133166
10.561 -3.119433
10.571 -3.104599
10.582 -3.103531
10.592 -3.111750
10.602 -3.133803
10.612 -3.155458
10.622 -3.167677
10.632 -3.170084
10.642 -3.171942
10.652 -3.164798
10.662 -3.149806
10.672 -3.125105
10.682 -3.108112
10.692 -3.113211
10.702 -3.130093
10.712 -3.150818
10.722 -3.170636
10.732 -3.180899
10.742 -3.183312
10.752 -3.184552
10.762 -3.181799
10.772 -3.184184
10.782 -3.172363
10.792 -3.173447
10.802 -3.182478
10.812 -3.194791
10.822 -3.207880
10.832 -3.217632
10.842 -3.223457
10.852 -3.225422
10.862 -3.226590
10.872 -3.224184
10.882 -3.219843
10.892 -3.230830
10.902 -3.231365
10.912 -3.228162
10.923 -3.225012
10.933 -3.227005
10.943 -3.240924
10.953 -3.262499
10.963 -3.271064
10.973 -3.280929
10.983 -3.287115
10.993 -3.289191
11.003 -3.289304
11.013 -3.281978
11.023 -3.268625
11.033 -3.263230
11.043 -3.267619
11.053 -3.280393
11.063 -3.288279
11.073 -3.299054
11.083 -3.307852
11.094 -3.303858
11.104 -3.305577
11.114 -3.309347
11.124 -3.303007
11.134 -3.296114
11.144 -3.295950
11.154 -3.295538
11.164 -3.297028
11.174 -3.300896
11.184 -3.307899
11.194 -3.311939
11.204 -3.317841
11.214 -3.317858
11.224 -3.311705
11.234 -3.307239
11.244 -3.300086
11.254 -3.286996
11.264 -3.272642
11.274 -3.264292
11.284 -3.273400
11.294 -3.278839
11.304 -3.295976
11.314 -3.308104
11.324 -3.317232
11.334 -3.308822
11.344 -3.297454
11.354 -3.293833
11.364 -3.283838
11.374 -3.278525
11.384 -3.273757
11.394 -3.268271
11.404 -3.266589
11.414 -3.269446
11.424 -3.272408
11.435 -3.271711
11.445 -3.277022
11.455 -3.274822
11.465 -3.250413
11.475 -3.232347
11.485 -3.211389
11.495 -3.197523
11.505 -3.193494
11.515 -3.193642
11.525 -3.200181
11.535 -3.214363
11.545 -3.227306
11.555 -3.236187
11.565 -3.244034
11.575 -3.240012
11.585 -3.232957
11.595 -3.217500
11.606 -3.194467
11.616 -3.179199
11.626 -3.171361
11.636 -3.176426
11.646 -3.179152
11.656 -3.179266
11.666 -3.174209
11.676 -3.173021
11.686 -3.168254
11.696 -3.166126
11.706 -3.164521
11.716 -3.164277
11.726 -3.162081
11.736 -3.157813
11.746 -3.158193
11.756 -3.157417
11.766 -3.163659
11.776 -3.167413
11.786 -3.173462
11.796 -3.175966
11.806 -3.179105
11.816 -3.170938
11.826 -3.166363
11.836 -3.150749
11.846 -3.145046
11.856 -3.138982
11.866 -3.143088
11.876 -3.136882
11.886 -3.133606
11.896 -3.143325
11.906 -3.156419
11.916 -3.171231
11.926 -3.180286
11.936 -3.187394
11.947 -3.189203
11.957 -3.185603
11.967 -3.175680
11.977 -3.163206
11.987 -3.156550
11.997 -3.157528
12.007 -3.171987
12.017 -3.186847
12.027 -3.196889
12.037 -3.205214
12.047 -3.211471
12.057 -3.213129
12.067 -3.209515
12.077 -3.202296
12.087 -3.193230
12.097 -3.183523
12.107 -3.189987
12.118 -3.189919
12.128 -3.212216
12.138 -3.221537
12.148 -3.253094
12.158 -3.264102
12.168 -3.274980
12.178 -3.278007
12.188 -3.267229
12.198 -3.253209
12.208 -3.250343
12.218 -3.252035
12.228 -3.259318
12.238 -3.265845
12.248 -3.281807
12.258 -3.291553
12.268 -3.293655
12.278 -3.288754
12.288 -3.277964
12.298 -3.271456
12.308 -3.270192
12.318 -3.272462
12.328 -3.277358
12.338 -3.274932
12.348 -3.303963
12.358 -3.284922
12.368 -3.291664
12.378 -3.300582
12.388 -3.313660
12.398 -3.318873
12.408 -3.319818
12.418 -3.312241
12.428 -3.300912
12.438 -3.286499
12.448 -3.286103
12.459 -3.295899
12.469 -3.312206
12.479 -3.324489
12.489 -3.329279
12.499 -3.331380
12.509 -3.330790
12.519 -3.304852
12.529 -3.281756
12.539 -3.264910
12.549 -3.256877
12.559 -3.259898
12.569 -3.276139
12.579 -3.292649
12.589 -3.303094
12.599 -3.307799
12.609 -3.304429
12.619 -3.299288
12.630 -3.294414
12.640 -3.284662
12.650 -3.273864
12.660 -3.264506
12.670 -3.257905
12.680 -3.255756
12.690 -3.261637
12.700 -3.261302
12.710 -3.262570
12.720 -3.263559
12.730 -3.258122
12.740 -3.257285
12.750 -3.253777
12.760 -3.253738
12.770 -3.250248
12.780 -3.243754
12.790 -3.243520
12.800 -3.241685
12.810 -3.232023
12.820 -3.227562
12.830 -3.228695
12.840 -3.228987
12.850 -3.230053
12.860 -3.228604
12.870 -3.233434
12.880 -3.232205
12.890 -3.221098
12.900 -3.211639
12.910 -3.201313
12.920 -3.196136
12.930 -3.192049
12.940 -3.195858
12.950 -3.198360
12.960 -3.197551
12.971 -3.200266
12.981 -3.206457
12.991 -3.207780
13.001 -3.205869
13.011 -3.199374
13.021 -3.193424
13.031 -3.191851
13.041 -3.190288
13.051 -3.183031
13.061 -3.177490
13.071 -3.173099
13.081 -3.171041
13.091 -3.173100
13.101 -3.181472
13.111 -3.190755
13.121 -3.197629
13.131 -3.199112
13.142 -3.194579
13.152 -3.179784
13.162 -3.175437
13.172 -3.168865
13.182 -3.188848
13.192 -3.197428
13.202 -3.207677
13.212 -3.203570
13.222 -3.198000
13.232 -3.195569
13.242 -3.186737
13.252 -3.178046
13.262 -3.172477
13.272 -3.165993
13.282 -3.173024
13.292 -3.187861
13.302 -3.200672
13.312 -3.209576
13.322 -3.215617
13.332 -3.219337
13.342 -3.218846
13.352 -3.217231
13.362 -3.210098
13.372 -3.212603
13.382 -3.216588
13.392 -3.223389
13.402 -3.229794
13.412 -3.240613
13.422 -3.253273
13.432 -3.268791
13.442 -3.274659
13.452 -3.270089
13.462 -3.259830
13.472 -3.247361
13.483 -3.236064
13.493 -3.235758
13.503 -3.239500
13.513 -3.245736
13.523 -3.282122
13.533 -3.266857
13.543 -3.275045
13.553 -3.284402
13.563 -3.290055
13.573 -3.283390
13.583 -3.268874
13.593 -3.258550
13.603 -3.257379
13.613 -3.270332
13.623 -3.284212
13.633 -3.290323
13.643 -3.292691
13.654 -3.297423
13.664 -3.299200
13.674 -3.304681
13.684 -3.292381
13.694 -3.277177
13.704 -3.272934
13.714 -3.270811
13.724 -3.272451
13.734 -3.280374
13.744 -3.292208
13.754 -3.303865
13.764 -3.314401
13.774 -3.324332
13.784 -3.323097
13.794 -3.329751
13.804 -3.332827
13.814 -3.325927
13.824 -3.317690
13.834 -3.304220
13.844 -3.297158
13.854 -3.286197
13.864 -3.281009
13.874 -3.279987
13.884 -3.283486
13.894 -3.288290
13.904 -3.297984
13.914 -3.295899
13.924 -3.287922
13.934 -3.284008
13.944 -3.280891
13.954 -3.279011
13.964 -3.276565
13.974 -3.279448
13.984 -3.273795
13.995 -3.274098
14.005 -3.272172
14.015 -3.261713
14.025 -3.253294
14.035 -3.251728
14.045 -3.251539
14.055 -3.256320
14.065 -3.269779
14.075 -3.275199
14.085 -3.271155
14.095 -3.267134
14.105 -3.262177
14.115 -3.255321
14.125 -3.253588
14.135 -3.249775
14.145 -3.238914
14.155 -3.230773
14.166 -3.226956
14.176 -3.225679
14.186 -3.229813
14.196 -3.228471
14.206 -3.227556
14.216 -3.229472
14.226 -3.221786
14.236 -3.218418
14.246 -3.210004
14.256 -3.210918
14.266 -3.209322
14.276 -3.207201
14.286 -3.212787
14.296 -3.207412
14.306 -3.212061
14.316 -3.208879
14.326 -3.209012
14.336 -3.208250
14.346 -3.214557
14.356 -3.210569
14.366 -3.197794
14.376 -3.191323
14.386 -3.195967
14.396 -3.200341
14.406 -3.199429
14.416 -3.194655
14.426 -3.198018
14.436 -3.206881
14.446 -3.217495
14.456 -3.225972
14.466 -3.228185
14.476 -3.224011
14.486 -3.216416
14.496 -3.208473
14.507 -3.201964
14.517 -3.200397
14.527 -3.201954
14.537 -3.202897
14.547 -3.209632
14.557 -3.217872
14.567 -3.229070
14.577 -3.234883
14.587 -3.236100
14.597 -3.207298
14.607 -3.230821
14.617 -3.230134
14.627 -3.231344
14.637 -3.231438
14.647 -3.230459
14.657 -3.231833
14.667 -3.234656
14.678 -3.244743
14.688 -3.258071
14.698 -3.266640
14.708 -3.265298
14.718 -3.261814
14.728 -3.252259
14.738 -3.246065
14.748 -3.246714
14.758 -3.255990
14.768 -3.266273
14.778 -3.270662
14.788 -3.273469
14.798 -3.275497
14.808 -3.279010
14.818 -3.281052
14.828 -3.276235
14.838 -3.268717
14.848 -3.266502
14.858 -3.266564
14.868 -3.268094
14.878 -3.283061
14.888 -3.294226
14.898 -3.303843
14.908 -3.311903
14.918 -3.318391
14.928 -3.318524
14.938 -3.313675
14.948 -3.277451
14.958 -3.292117
14.968 -3.288614
14.978 -3.287457
14.988 -3.281104
14.998 -3.278257
15.008 -3.284221
15.019 -3.290344
15.029 -3.305277
15.039 -3.304754
15.049 -3.304537
15.059 -3.308327
15.069 -3.309922
15.079 -3.302971
15.089 -3.294537
15.099 -3.287549
15.109 -3.289155
15.119 -3.298352
15.129 -3.291471
15.139 -3.295618
15.149 -3.292196
15.159 -3.289356
15.169 -3.296906
15.179 -3.301950
15.190 -3.306415
15.200 -3.307837
15.210 -3.311167
15.220 -3.304572
15.230 -3.293165
15.240 -3.287262
15.250 -3.277461
15.260 -3.256201
15.270 -3.250694
15.280 -3.254271
15.290 -3.262514
15.300 -3.267999
15.310 -3.272813
15.320 -3.278035
15.330 -3.285224
15.340 -3.284173
15.350 -3.281266
15.360 -3.277761
15.370 -3.265734
15.380 -3.251199
15.390 -3.241138
15.400 -3.239001
15.410 -3.239338
15.420 -3.246494
15.430 -3.255729
15.440 -3.266336
15.450 -3.271693
15.460 -3.272507
15.470 -3.270110
15.480 -3.262999
15.490 -3.253503
15.500 -3.235057
15.510 -3.213290
15.520 -3.209367
15.531 -3.214491
15.541 -3.226797
15.551 -3.239831
15.561 -3.247302
15.571 -3.252835
15.581 -3.254160
15.591 -3.252183
15.601 -3.246457
15.611 -3.231893
15.621 -3.231416
15.631 -3.221027
15.641 -3.215754
15.651 -3.215700
15.661 -3.224939
15.671 -3.229042
15.681 -3.235908
15.691 -3.238058
15.702 -3.237130
15.712 -3.234654
15.722 -3.235429
15.732 -3.233693
15.742 -3.227845
15.752 -3.227619
15.762 -3.223911
15.772 -3.221105
15.782 -3.225714
15.792 -3.227791
15.802 -3.235252
15.812 -3.239299
15.822 -3.244270
15.832 -3.247912
15.842 -3.244690
15.852 -3.238290
15.862 -3.228371
15.872 -3.236063
15.882 -3.241032
15.892 -3.245587
15.902 -3.254401
15.912 -3.256598
15.922 -3.262795
15.932 -3.268079
15.942 -3.269973
15.952 -3.276720
15.962 -3.286110
15.972 -3.277352
15.982 -3.263281
15.992 -3.243517
16.002 -3.224076
16.012 -3.214828
16.022 -3.221224
16.032 -3.230743
16.043 -3.256230
16.053 -3.281237
16.063 -3.301899
16.073 -3.312878
16.083 -3.317326
16.093 -3.308601
16.103 -3.286061
16.113 -3.270763
16.123 -3.269064
16.133 -3.274927
16.143 -3.290997
16.153 -3.305693
16.163 -3.313709
16.173 -3.318815
16.183 -3.304846
16.193 -3.286634
16.203 -3.283177
16.214 -3.282694
16.224 -3.277623
16.234 -3.277105
16.244 -3.285752
16.254 -3.291101
16.264 -3.299976
16.274 -3.312760
16.284 -3.318885
16.294 -3.318150
16.304 -3.314744
16.314 -3.311322
16.324 -3.306293
16.334 -3.306800
16.344 -3.310178
16.354 -3.311268
16.364 -3.305082
16.374 -3.295439
16.384 -3.289808
16.394 -3.294290
16.404 -3.294598
16.414 -3.295098
16.424 -3.289329
16.434 -3.288484
16.444 -3.292820
16.454 -3.295780
16.464 -3.295220
16.474 -3.289358
16.484 -3.283885
16.494 -3.284974
16.504 -3.291486
16.514 -3.292281
16.524 -3.303221
16.534 -3.303530
16.544 -3.300894
16.555 -3.296686
16.565 -3.292891
16.575 -3.293596
16.585 -3.287388
16.595 -3.282570
16.605 -3.280130
16.615 -3.275862
16.625 -3.275854
16.635 -3.279308
16.645 -3.278257
16.655 -3.275717
16.665 -3.270241
16.675 -3.273928
16.685 -3.272435
16.695 -3.277146
16.705 -3.280109
16.715 -3.277037
16.726 -3.269068
16.736 -3.266265
16.746 -3.264526
16.756 -3.258610
16.766 -3.258088
16.776 -3.257137
16.786 -3.252153
16.796 -3.248522
16.806 -3.250940
16.816 -3.252045
16.826 -3.277585
16.836 -3.258422
16.846 -3.254628
16.856 -3.256572
16.866 -3.249607
16.876 -3.236544
16.886 -3.229786
16.896 -3.235907
16.906 -3.243743
16.916 -3.254741
16.926 -3.264170
16.936 -3.265699
16.946 -3.267304
16.956 -3.270405
16.966 -3.268440
16.976 -3.269898
16.986 -3.263529
16.996 -3.247512
17.006 -3.230920
17.016 -3.217819
17.026 -3.219050
17.036 -3.229573
17.046 -3.237910
17.056 -3.243030
17.067 -3.240493
17.077 -3.235324
17.087 -3.229737
17.097 -3.216951
17.107 -3.220297
17.117 -3.241358
17.127 -3.261028
17.137 -3.280454
17.147 -3.292376
17.157 -3.296929
17.167 -3.285999
17.177 -3.273567
17.187 -3.245626
17.197 -3.245697
17.207 -3.240329
17.217 -3.252812
17.227 -3.268702
17.238 -3.281305
17.248 -3.292039
17.258 -3.294976
17.268 -3.290834
17.278 -3.282876
17.288 -3.273962
17.298 -3.270711
17.308 -3.265457
17.318 -3.270478
17.328 -3.280907
17.338 -3.295155
17.348 -3.316268
17.358 -3.315889
17.368 -3.314065
17.378 -3.316470
17.388 -3.301861
17.398 -3.287398
17.408 -3.278535
17.418 -3.275834
17.428 -3.279458
17.438 -3.287757
17.448 -3.299128
17.458 -3.311323
17.468 -3.316127
17.478 -3.320805
17.488 -3.316589
17.498 -3.314265
17.508 -3.299084
17.518 -3.276079
17.528 -3.265106
17.538 -3.269105
17.548 -3.279583
17.558 -3.291993
17.568 -3.306324
17.579 -3.322409
17.589 -3.333904
17.599 -3.341637
17.609 -3.340044
17.619 -3.334813
17.629 -3.325861
17.639 -3.311742
17.649 -3.299659
17.659 -3.296028
17.669 -3.300228
17.679 -3.298827
17.689 -3.297435
17.699 -3.301413
17.709 -3.306486
17.719 -3.305753
17.729 -3.295064
17.739 -3.282799
17.750 -3.285128
17.760 -3.293950
17.770 -3.287636
17.780 -3.279883
17.790 -3.289068
17.800 -3.294929
17.810 -3.296046
17.820 -3.298279
17.830 -3.303371
17.840 -3.308895
17.850 -3.309554
17.860 -3.299703
17.870 -3.295023
17.880 -3.288792
17.890 -3.282560
17.900 -3.274882
17.910 -3.274421
17.920 -3.278482
17.930 -3.283764
17.940 -3.291483
17.950 -3.289763
17.960 -3.284539
17.970 -3.290716
17.980 -3.295642
17.990 -3.295837
18.000 -3.291426
18.010 -3.285285
18.020 -3.278550
18.030 -3.274505
18.040 -3.272041
18.050 -3.262370
18.060 -3.264457
18.070 -3.269660
18.080 -3.272660
18.091 -3.275638
18.101 -3.281901
18.111 -3.284154
18.121 -3.287236
18.131 -3.280277
18.141 -3.272279
18.151 -3.262785
18.161 -3.265255
18.171 -3.265061
18.181 -3.258261
18.191 -3.248322
18.201 -3.257653
18.211 -3.271908
18.221 -3.271167
18.231 -3.272385
18.241 -3.274403
18.251 -3.274008
18.262 -3.267504
18.272 -3.259330
18.282 -3.257416
18.292 -3.261809
18.302 -3.268631
18.312 -3.270608
18.322 -3.273109
18.332 -3.275263
18.342 -3.277638
18.352 -3.278989
18.362 -3.277400
18.372 -3.276598
18.382 -3.274059
18.392 -3.273088
18.402 -3.266395
18.412 -3.264830
18.422 -3.263014
18.432 -3.271503
18.442 -3.281920
18.452 -3.280610
18.462 -3.281608
18.472 -3.284862
18.482 -3.292142
18.492 -3.290739
18.502 -3.296783
18.512 -3.294602
18.522 -3.285835
18.532 -3.275902
18.542 -3.269346
18.552 -3.266641
18.562 -3.266325
18.572 -3.275450
18.582 -3.288743
18.592 -3.295219
18.603 -3.304229
18.613 -3.315981
18.623 -3.323127
18.633 -3.320788
18.643 -3.318473
18.653 -3.312318
18.663 -3.304168
18.673 -3.297370
18.683 -3.295760
18.693 -3.296373
18.703 -3.291592
18.713 -3.288790
18.723 -3.286803
18.733 -3.287903
18.743 -3.281742
18.753 -3.280149
18.763 -3.273434
18.774 -3.274821
18.784 -3.283384
18.794 -3.297973
18.804 -3.310297
18.814 -3.318963
18.824 -3.323517
18.834 -3.328050
18.844 -3.325287
18.854 -3.319204
18.864 -3.308409
18.874 -3.299132
18.884 -3.296692
18.894 -3.296504
18.904 -3.293124
18.914 -3.290107
18.924 -3.299372
18.934 -3.311576
18.944 -3.317099
18.954 -3.316391
18.964 -3.312389
18.974 -3.302967
18.984 -3.289134
18.994 -3.278203
19.004 -3.275619
19.014 -3.278107
19.024 -3.286046
19.034 -3.297338
19.044 -3.312930
19.054 -3.324079
19.064 -3.331325
19.074 -3.331295
19.084 -3.325557
19.094 -3.312775
19.104 -3.289554
19.115 -3.280263
19.125 -3.279621
19.135 -3.288830
19.145 -3.303380
19.155 -3.314516
19.165 -3.322068
19.175 -3.325314
19.185 -3.316689
19.195 -3.304224
19.205 -3.279851
19.215 -3.273523
19.225 -3.272783
19.235 -3.274880
19.245 -3.282759
19.255 -3.291276
19.265 -3.299425
19.275 -3.306737
19.286 -3.317176
19.296 -3.319601
19.306 -3.314156
19.316 -3.302899
19.326 -3.294170
19.336 -3.286798
19.346 -3.283082
19.356 -3.276583
19.366 -3.274217
19.376 -3.277638
19.386 -3.281453
19.396 -3.282515
19.406 -3.289346
19.416 -3.292920
19.426 -3.292823
19.436 -3.286974
19.446 -3.280327
19.456 -3.276536
19.466 -3.278514
19.476 -3.285543
19.486 -3.297456
19.496 -3.300670
19.506 -3.300704
19.516 -3.301954
19.526 -3.299379
19.536 -3.291504
19.546 -3.284722
19.556 -3.281694
19.566 -3.288611
