44.654 1.597247
44.664 1.597168
44.674 1.597028
44.684 1.596924
44.694 1.597819
44.704 1.597898
44.715 1.598003
44.725 1.597207
44.735 1.597500
44.745 1.599596
44.755 1.598550
44.765 1.597528
44.775 1.595701
44.785 1.597740
44.795 1.597919
44.805 1.596956
44.815 1.597298
44.825 1.597704
44.835 1.598189
44.845 1.597533
44.855 1.597785
44.865 1.597913
44.875 1.597510
44.886 1.596571
44.896 1.596944
44.906 1.598550
44.916 1.597428
44.926 1.597785
44.936 1.596695
44.946 1.596601
44.956 1.598612
44.966 1.597347
44.976 1.597145
44.986 1.596941
44.996 1.596378
45.006 1.597906
45.016 1.597911
45.026 1.598661
45.036 1.596373
45.046 1.597531
45.056 1.597982
45.066 1.597354
45.076 1.597086
45.086 1.598197
45.096 1.598340
45.106 1.597331
45.116 1.597533
45.126 1.596504
45.136 1.597625
45.146 1.598102
45.156 1.597331
45.166 1.596723
45.176 1.597543
45.186 1.598664
45.196 1.598210
45.206 1.596223
45.216 1.596616
45.227 1.598383
45.237 1.597326
45.247 1.597441
45.257 1.596010
45.267 1.598076
45.277 1.598383
45.287 1.596494
45.297 1.596857
45.307 1.596673
45.317 1.597201
45.327 1.597482
45.337 1.597513
45.347 1.596936
45.357 1.597370
45.367 1.597349
45.377 1.597607
45.387 1.596695
45.398 1.597722
45.408 1.597069
45.418 1.598464
45.428 1.596373
45.438 1.596502
45.448 1.597890
45.458 1.597123
45.468 1.596053
45.478 1.596911
45.488 1.597835
45.498 1.596987
45.508 1.598550
45.518 1.597882
45.528 1.596778
45.538 1.597927
45.548 1.597722
45.558 1.597130
45.568 1.597013
45.578 1.598165
45.588 1.596636
45.598 1.598013
45.608 1.597913
45.618 1.596976
45.628 1.598469
45.638 1.597115
45.648 1.597428
45.658 1.597589
45.668 1.596388
45.678 1.597250
45.688 1.598267
45.698 1.597457
45.708 1.597617
45.718 1.598682
45.728 1.597712
45.739 1.597347
45.749 1.598173
45.759 1.597559
45.769 1.596951
45.779 1.596852
45.789 1.598672
45.799 1.597717
45.809 1.597423
45.819 1.596470
45.829 1.598267
45.839 1.596887
45.849 1.597709
45.859 1.597722
45.869 1.595717
45.879 1.598071
45.889 1.596693
45.899 1.598480
45.910 1.597378
45.920 1.597452
45.930 1.597232
45.940 1.597306
45.950 1.597717
45.960 1.598186
45.970 1.597612
45.980 1.597107
45.990 1.597023
46.000 1.598116
46.010 1.597439
46.020 1.598102
46.030 1.597324
46.040 1.597984
46.050 1.598372
46.060 1.598742
46.070 1.597989
46.080 1.596755
46.090 1.597110
46.100 1.597160
46.110 1.597071
46.120 1.597615
46.130 1.598267
46.140 1.597895
46.150 1.597165
46.160 1.597405
46.170 1.598907
46.180 1.596885
46.190 1.596562
46.200 1.598259
46.210 1.596656
46.220 1.598262
46.230 1.597725
46.240 1.596847
46.251 1.597033
46.261 1.597426
46.271 1.596837
46.281 1.597743
46.291 1.596594
46.301 1.596524
46.311 1.597704
46.321 1.596281
46.331 1.596845
46.341 1.597892
46.351 1.596845
46.361 1.597046
46.371 1.597940
46.381 1.597785
46.391 1.598294
46.401 1.598181
46.411 1.596956
46.422 1.598831
46.432 1.597782
46.442 1.597822
46.452 1.597662
46.462 1.596695
46.472 1.597331
46.482 1.597155
46.492 1.597138
46.502 1.597814
46.512 1.597196
46.522 1.597898
46.532 1.597449
46.542 1.598084
46.552 1.598178
46.562 1.597927
46.572 1.598822
46.582 1.597426
46.592 1.595880
46.602 1.597222
46.612 1.597966
46.622 1.596646
46.632 1.596870
46.642 1.597699
46.652 1.597696
46.662 1.597265
46.672 1.596250
46.682 1.598273
46.692 1.596673
46.702 1.596005
46.712 1.598278
46.722 1.596569
46.732 1.597515
46.742 1.598003
46.752 1.596218
46.763 1.597464
46.773 1.596315
46.783 1.598774
46.793 1.597094
46.803 1.597819
46.813 1.596850
46.823 1.597992
46.833 1.597966
46.843 1.596668
46.853 1.597633
46.863 1.597265
46.873 1.597189
46.883 1.597321
46.893 1.597699
46.903 1.597989
46.913 1.597843
46.923 1.597673
46.934 1.596569
46.944 1.597898
46.954 1.597989
46.964 1.597869
46.974 1.596946
46.984 1.597222
46.994 1.596954
47.004 1.597046
47.014 1.597446
47.024 1.596956
47.034 1.597536
47.044 1.598222
47.054 1.596482
47.064 1.597398
47.074 1.597686
47.084 1.598181
47.094 1.597250
47.104 1.597798
47.114 1.597056
47.124 1.598367
47.134 1.597240
47.144 1.596552
47.154 1.597349
47.164 1.597252
47.174 1.596175
47.184 1.597173
47.194 1.596946
47.204 1.597390
47.214 1.598666
47.224 1.595269
47.234 1.595932
47.244 1.598983
47.254 1.598128
47.264 1.596349
47.275 1.597493
47.285 1.598205
47.295 1.595651
47.305 1.595878
47.315 1.596296
47.325 1.599856
47.335 1.594931
47.345 1.598036
47.355 1.594364
47.365 1.598874
47.375 1.597270
47.385 1.598287
47.395 1.595269
47.405 1.599105
47.415 1.597525
47.425 1.596179
47.435 1.597906
47.446 1.597919
47.456 1.598822
47.466 1.599230
47.476 1.597699
47.486 1.602082
47.496 1.588600
47.506 1.607123
47.516 1.588866
47.526 1.602462
47.536 1.593669
47.546 1.602490
47.556 1.596410
47.566 1.593660
47.576 1.600974
47.586 1.594882
47.596 1.600389
47.606 1.596021
47.616 1.591910
47.626 1.604728
47.636 1.597676
47.646 1.599678
47.656 1.596425
47.666 1.598883
47.676 1.595198
47.686 1.598788
47.696 1.598949
47.706 1.602133
47.716 1.621783
47.726 1.621823
47.736 1.606051
47.746 1.596671
47.756 1.595319
47.766 1.596910
47.776 1.586370
47.787 1.566606
47.797 1.592155
47.807 1.604000
47.817 1.594500
47.827 1.597985
47.837 1.600144
47.847 1.615188
47.857 1.603289
47.867 1.568624
47.877 1.623294
47.887 1.573540
47.897 1.609508
47.907 1.587866
47.917 1.603815
47.927 1.599076
47.937 1.607320
47.947 1.591297
47.958 1.599838
47.968 1.597671
47.978 1.610574
47.988 1.582220
47.998 1.608144
48.008 1.586569
48.018 1.599165
48.028 1.604471
48.038 1.588231
48.048 1.600396
48.058 1.597976
48.068 1.599320
48.078 1.602562
48.088 1.593449
48.098 1.596166
48.108 1.605439
48.118 1.600843
48.128 1.594347
48.138 1.591605
48.148 1.601099
48.158 1.594257
48.168 1.600829
48.178 1.587759
48.188 1.604422
48.198 1.595424
48.208 1.599622
48.218 1.595880
48.228 1.595546
48.238 1.596872
48.248 1.604871
48.258 1.590727
48.268 1.618824
48.278 1.597061
48.288 1.590689
48.299 1.605769
48.309 1.601875
48.319 1.587416
48.329 1.599621
48.339 1.599216
48.349 1.596121
48.359 1.596046
48.369 1.592830
48.379 1.600367
48.389 1.590222
48.399 1.605366
48.409 1.595790
48.419 1.597882
48.429 1.595387
48.439 1.597299
48.449 1.598931
48.459 1.595002
48.470 1.595149
48.480 1.593909
48.490 1.594846
48.500 1.599480
48.510 1.598993
48.520 1.596619
48.530 1.596198
48.540 1.597157
48.550 1.592998
48.560 1.600764
48.570 1.594612
48.580 1.598958
48.590 1.597679
48.600 1.599093
48.610 1.596253
48.620 1.595239
48.630 1.598860
48.640 1.595901
48.650 1.598871
48.660 1.597608
48.670 1.596842
48.680 1.596949
48.690 1.598058
48.700 1.597105
48.710 1.597076
48.720 1.597028
48.730 1.597741
48.740 1.597402
48.750 1.597341
48.760 1.597298
48.770 1.598340
48.780 1.597160
48.790 1.598241
48.800 1.597341
48.811 1.596783
48.821 1.596855
48.831 1.597705
48.841 1.598278
48.851 1.596212
48.861 1.598596
48.871 1.598127
48.881 1.597366
48.891 1.596386
48.901 1.597430
48.911 1.596857
48.921 1.597784
48.931 1.596785
48.941 1.596741
48.951 1.597435
48.961 1.597708
48.971 1.598507
48.982 1.596311
48.992 1.598712
49.002 1.598461
49.012 1.597110
49.022 1.614152
49.032 1.579494
49.042 1.623777
49.052 1.576531
49.062 1.616170
49.072 1.585485
49.082 1.598727
49.092 1.590115
49.102 1.602428
49.112 1.593484
49.122 1.598244
49.132 1.599728
49.142 1.592876
49.152 1.599148
49.162 1.595946
49.172 1.593451
49.182 1.600109
49.192 1.597937
49.202 1.598514
49.212 1.601249
49.222 1.599985
49.232 1.600319
49.242 1.597204
49.252 1.596333
49.262 1.594020
49.272 1.600874
49.282 1.595632
49.292 1.591582
49.302 1.588353
49.312 1.603916
49.323 1.584033
49.333 1.616936
49.343 1.590711
49.353 1.600761
49.363 1.591197
49.373 1.602008
49.383 1.592297
49.393 1.596955
49.403 1.595596
49.413 1.593345
49.423 1.603092
49.433 1.594264
49.443 1.597895
49.453 1.599668
49.463 1.601680
49.473 1.593756
49.483 1.597452
49.494 1.597890
49.504 1.594395
49.514 1.597635
49.524 1.591960
49.534 1.604872
49.544 1.598023
49.554 1.597241
49.564 1.599245
49.574 1.593998
49.584 1.598823
49.594 1.601633
49.604 1.609755
49.614 1.601884
49.624 1.596571
49.634 1.602555
49.644 1.598743
49.654 1.606035
49.664 1.617405
49.674 1.620140
49.684 1.616076
49.694 1.579473
49.704 1.555402
49.714 1.553942
49.724 1.588221
49.734 1.604322
49.744 1.598878
49.754 1.597569
49.764 1.594498
49.774 1.598278
49.784 1.601530
49.794 1.595819
49.804 1.598184
49.814 1.613585
49.824 1.626803
49.835 1.611100
49.845 1.586079
49.855 1.576941
49.865 1.577430
49.875 1.581170
49.885 1.603661
49.895 1.596729
49.905 1.595417
49.915 1.595153
49.925 1.599138
49.935 1.600946
49.945 1.602250
49.955 1.613790
1.306 1.600363
1.316 1.597629
1.326 1.598138
1.336 1.598781
1.346 1.598485
1.356 1.597990
1.366 1.598099
1.376 1.598742
1.386 1.598069
1.396 1.598645
1.406 1.597704
1.416 1.599802
1.426 1.598763
1.436 1.597853
1.446 1.599238
1.456 1.597522
1.466 1.598005
1.476 1.597074
1.486 1.597910
1.496 1.597155
1.506 1.598771
1.516 1.601019
1.526 1.598763
1.536 1.598627
1.546 1.597818
1.556 1.597448
1.566 1.598097
1.576 1.598566
1.586 1.598928
1.596 1.598663
1.606 1.598963
1.616 1.599770
1.626 1.600177
1.636 1.598130
1.646 1.597671
1.656 1.598135
1.666 1.598619
1.676 1.597925
1.686 1.599374
1.696 1.598632
1.707 1.597584
1.717 1.599303
1.727 1.598842
1.737 1.597816
1.747 1.598643
1.757 1.598766
1.767 1.598582
1.777 1.598349
1.787 1.597297
1.797 1.598572
1.807 1.597915
1.817 1.599241
1.827 1.597908
1.837 1.599201
1.847 1.597724
1.857 1.598423
1.867 1.598191
1.878 1.598288
1.888 1.598061
1.898 1.597438
1.908 1.598857
1.918 1.598566
1.928 1.599154
1.938 1.598388
1.948 1.599283
1.958 1.599487
1.968 1.598653
1.978 1.598837
1.988 1.599983
1.998 1.598250
2.008 1.598936
2.018 1.597438
2.028 1.598742
2.038 1.598204
2.048 1.598352
2.058 1.598400
2.068 1.597627
2.078 1.599821
2.088 1.598273
2.098 1.598301
2.108 1.598191
2.118 1.598760
2.128 1.599411
2.138 1.598905
2.148 1.598183
2.158 1.597679
2.168 1.597580
2.178 1.598377
2.188 1.597935
2.198 1.599324
2.208 1.599081
2.219 1.599254
2.229 1.598826
2.239 1.597450
2.249 1.599414
2.259 1.598957
2.269 1.599791
2.279 1.597806
2.289 1.598199
2.299 1.598921
2.309 1.598572
2.319 1.597724
2.329 1.598700
2.339 1.599128
2.349 1.598301
2.359 1.598482
2.369 1.597704
2.379 1.597268
2.390 1.599521
2.400 1.599094
2.410 1.598393
2.420 1.598656
2.430 1.597933
2.440 1.598119
2.450 1.598553
2.460 1.598928
2.470 1.597225
2.480 1.598288
2.490 1.599330
2.500 1.599600
2.510 1.597885
2.520 1.598661
2.530 1.598201
2.540 1.598171
2.550 1.597537
2.560 1.598865
2.570 1.597535
2.580 1.597254
2.590 1.599330
2.600 1.597642
2.610 1.599573
2.620 1.597985
2.630 1.599060
2.640 1.597242
2.650 1.599448
2.660 1.598385
2.670 1.600077
2.680 1.597488
2.690 1.598311
2.700 1.599117
2.710 1.598280
2.720 1.599316
2.731 1.598569
2.741 1.599581
2.751 1.598949
2.761 1.598390
2.771 1.598653
2.781 1.599220
2.791 1.597985
2.801 1.598087
2.811 1.599217
2.821 1.598847
2.831 1.598918
2.841 1.598365
2.851 1.597496
2.861 1.598178
2.871 1.598061
2.881 1.598482
2.891 1.598572
2.902 1.598380
2.912 1.599691
2.922 1.599238
2.932 1.598377
2.942 1.598794
2.952 1.598695
2.962 1.599138
2.972 1.599727
2.982 1.599020
2.992 1.597222
3.002 1.596477
3.012 1.598303
3.022 1.598306
3.032 1.597580
3.042 1.597823
3.052 1.597920
3.062 1.597677
3.072 1.598574
3.082 1.599554
3.092 1.597948
3.102 1.598482
3.112 1.599602
3.122 1.599508
3.132 1.597525
3.142 1.597731
3.152 1.598039
3.162 1.598648
3.172 1.597280
3.182 1.599335
3.192 1.597545
3.202 1.597438
3.212 1.597409
3.222 1.599136
3.232 1.599046
3.243 1.598582
3.253 1.597610
3.263 1.598630
3.273 1.597637
3.283 1.598370
3.293 1.598395
3.303 1.598663
3.313 1.597637
3.323 1.598842
3.333 1.598092
3.343 1.598097
3.353 1.600269
3.363 1.598438
3.373 1.598474
3.383 1.597885
3.393 1.597356
3.403 1.599799
3.414 1.599969
3.424 1.599864
3.434 1.598536
3.444 1.598206
3.454 1.598834
3.464 1.597261
3.474 1.598692
3.484 1.599597
3.494 1.598477
3.504 1.598842
3.514 1.597789
3.524 1.599443
3.534 1.599400
3.544 1.598449
3.554 1.598459
3.564 1.599138
3.574 1.598579
3.584 1.598372
3.594 1.599840
3.604 1.599340
3.614 1.597900
3.624 1.598482
3.634 1.597985
3.644 1.598897
3.654 1.597353
3.664 1.599489
3.674 1.597465
3.684 1.598684
3.694 1.598713
3.704 1.598944
3.714 1.597629
3.724 1.599678
3.734 1.597801
3.744 1.597697
3.755 1.597249
3.765 1.598469
3.775 1.600088
3.785 1.598286
3.795 1.599780
3.805 1.599519
3.815 1.598976
3.825 1.599897
3.835 1.598240
3.845 1.598792
3.855 1.597128
3.865 1.597331
3.875 1.598500
3.885 1.598839
3.895 1.599397
3.905 1.598054
3.915 1.599446
3.926 1.599057
3.936 1.598268
3.946 1.597351
3.956 1.598495
3.966 1.599233
3.976 1.598482
3.986 1.598268
3.996 1.598551
4.006 1.597669
4.016 1.597620
4.026 1.598176
4.036 1.598837
4.046 1.597811
4.056 1.598556
4.066 1.598753
4.076 1.599767
4.086 1.597980
4.096 1.597537
4.106 1.597222
4.116 1.597923
4.126 1.597771
4.136 1.596913
4.146 1.598758
4.156 1.598528
4.166 1.598624
4.176 1.597915
4.186 1.596923
4.196 1.598263
4.206 1.597587
4.216 1.598191
4.226 1.599333
4.236 1.598745
4.246 1.597331
4.256 1.598928
4.267 1.599950
4.277 1.597905
4.287 1.598574
4.297 1.598186
4.307 1.598648
4.317 1.597203
4.327 1.598464
4.337 1.599311
4.347 1.598758
4.357 1.599222
4.367 1.598556
4.377 1.597870
4.387 1.598102
4.397 1.597890
4.407 1.597818
4.417 1.598564
4.427 1.598064
4.438 1.599597
4.448 1.598492
4.458 1.598543
4.468 1.598181
4.478 1.598372
4.488 1.598446
4.498 1.598860
4.508 1.597326
4.518 1.598426
4.528 1.597875
4.538 1.598845
4.548 1.599422
4.558 1.597595
4.568 1.596491
4.578 1.598268
4.588 1.597962
4.598 1.598661
4.608 1.599387
4.618 1.599227
4.628 1.598186
4.638 1.597786
4.648 1.598936
4.658 1.599180
4.668 1.599049
4.678 1.598183
4.688 1.598954
4.698 1.598352
4.708 1.598275
4.718 1.597550
4.728 1.598931
4.738 1.598457
4.748 1.599791
4.758 1.599600
4.768 1.597249
4.779 1.597771
4.789 1.598648
4.799 1.599308
4.809 1.597970
4.819 1.598079
4.829 1.597674
4.839 1.598561
4.849 1.598572
4.859 1.598265
4.869 1.598248
4.879 1.599109
4.889 1.599128
4.899 1.599683
4.909 1.598553
4.919 1.598245
4.929 1.598153
4.939 1.598934
4.950 1.598566
4.960 1.599392
4.970 1.599702
4.980 1.599091
4.990 1.599397
5.000 1.599670
5.010 1.597960
5.020 1.598237
5.030 1.598138
5.040 1.597791
5.050 1.597923
5.060 1.597697
5.070 1.597878
5.080 1.598092
5.090 1.598181
5.100 1.598698
5.110 1.599301
5.120 1.598850
5.130 1.598469
5.140 1.597632
5.150 1.598438
5.160 1.598163
5.170 1.598543
5.180 1.598813
5.190 1.598012
5.200 1.598755
5.210 1.597552
5.220 1.598173
5.230 1.598551
5.240 1.598714
5.250 1.597878
5.260 1.599009
5.270 1.598253
5.280 1.597982
5.291 1.599527
5.301 1.598525
5.311 1.597736
5.321 1.598884
5.331 1.599075
5.341 1.596562
5.351 1.597716
5.361 1.598245
5.371 1.599958
5.381 1.600349
5.391 1.598178
5.401 1.597702
5.411 1.598074
5.421 1.598393
5.431 1.600055
5.441 1.599799
5.451 1.598094
5.462 1.600152
5.472 1.599311
5.482 1.598161
5.492 1.599411
5.502 1.598638
5.512 1.598541
5.522 1.598196
5.532 1.599028
5.542 1.598265
5.552 1.598546
5.562 1.597865
5.572 1.598342
5.582 1.598377
5.592 1.598032
5.602 1.597518
5.612 1.599060
5.622 1.597682
5.632 1.597813
5.642 1.597702
5.652 1.598800
5.662 1.597853
5.672 1.598543
5.682 1.598604
5.692 1.599508
5.702 1.598837
5.712 1.598367
5.722 1.599012
5.732 1.597764
5.742 1.597657
5.752 1.598181
5.762 1.598000
5.772 1.597578
5.782 1.598572
5.792 1.598939
5.803 1.597302
5.813 1.598881
5.823 1.597997
5.833 1.597977
5.843 1.598457
5.853 1.597116
5.863 1.598842
5.873 1.598454
5.883 1.599390
5.893 1.599301
5.903 1.599368
5.913 1.599146
5.923 1.598283
5.933 1.599333
5.943 1.598640
5.953 1.597759
5.963 1.598803
5.974 1.598087
5.984 1.597779
5.994 1.598372
6.004 1.598375
6.014 1.599093
6.024 1.598653
6.034 1.598829
6.044 1.597967
6.054 1.599088
6.064 1.598572
6.074 1.598855
6.084 1.597505
6.094 1.597679
6.104 1.599559
6.114 1.598569
6.124 1.598235
6.134 1.598638
6.144 1.598479
6.154 1.598245
6.164 1.598556
6.174 1.596592
6.184 1.599430
6.194 1.598228
6.204 1.595913
6.214 1.595211
6.224 1.600053
6.234 1.599867
6.244 1.596422
6.254 1.597305
6.264 1.601093
6.274 1.598104
6.284 1.600311
6.294 1.594002
6.304 1.600291
6.315 1.593910
6.325 1.602725
6.335 1.598073
6.345 1.591571
6.355 1.603337
6.365 1.600285
6.375 1.602660
6.385 1.596191
6.395 1.592406
6.405 1.604414
6.415 1.589435
6.425 1.603942
6.435 1.597302
6.445 1.600041
6.455 1.598571
6.465 1.599727
6.475 1.598110
6.486 1.600222
6.496 1.594240
6.506 1.598344
6.516 1.597628
6.526 1.598485
6.536 1.599848
6.546 1.594811
6.556 1.594584
6.566 1.598678
6.576 1.592231
6.586 1.606637
6.596 1.599898
6.606 1.589323
6.616 1.603249
6.626 1.600506
6.636 1.600838
6.646 1.597592
6.656 1.589073
6.666 1.602608
6.676 1.594819
6.686 1.602279
6.696 1.599950
6.706 1.599444
6.716 1.596168
6.726 1.602742
6.736 1.601264
6.746 1.599946
6.756 1.599265
6.766 1.596494
6.776 1.590541
6.786 1.589350
6.796 1.588892
6.806 1.592515
6.816 1.605218
6.827 1.623296
6.837 1.577562
6.847 1.606497
6.857 1.624629
6.867 1.600821
6.877 1.579215
6.887 1.589437
6.897 1.606392
6.907 1.608623
6.917 1.586963
6.927 1.598099
6.937 1.612652
6.947 1.591708
6.957 1.606580
6.967 1.592323
6.977 1.623574
6.987 1.598585
6.998 1.602786
7.008 1.596282
7.018 1.597641
7.028 1.598545
7.038 1.599821
7.048 1.599664
7.058 1.595777
7.068 1.598415
7.078 1.595311
7.088 1.600917
7.098 1.593858
7.108 1.583824
7.118 1.609681
7.128 1.603448
7.138 1.600448
7.148 1.600497
7.158 1.601533
7.168 1.584464
7.178 1.604967
7.188 1.622556
7.198 1.610591
7.208 1.576207
7.218 1.551807
7.228 1.587595
7.238 1.581785
7.248 1.611318
7.258 1.617853
7.268 1.619087
7.278 1.612210
7.288 1.638325
7.298 1.645595
7.308 1.648423
7.318 1.556301
7.328 1.507914
7.339 1.585414
7.349 1.602764
7.359 1.614144
7.369 1.600440
7.379 1.576674
7.389 1.549383
7.399 1.525204
7.409 1.535634
7.419 1.592763
7.429 1.618064
7.439 1.653370
7.449 1.659619
7.459 1.655814
7.469 1.635167
7.479 1.600997
7.489 1.545938
7.499 1.451579
7.510 1.460019
7.520 1.520513
7.530 1.593981
7.540 1.607304
7.550 1.559052
7.560 1.509299
7.570 1.486387
7.580 1.496471
7.590 1.495312
7.600 1.491287
7.610 1.480488
7.620 1.465582
7.630 1.461235
7.640 1.480540
7.650 1.475429
7.660 1.449823
7.670 1.420215
7.680 1.396844
7.690 1.388240
7.700 1.384934
7.710 1.392508
7.720 1.401794
7.730 1.404722
7.740 1.397658
7.750 1.396387
7.760 1.397089
7.770 1.388665
7.780 1.368815
7.790 1.334381
7.800 1.294185
7.810 1.259058
7.820 1.251539
7.830 1.269013
7.840 1.302872
7.851 1.309503
7.861 1.293281
7.871 1.294625
7.881 1.294113
7.891 1.298400
7.901 1.212952
7.911 1.114161
7.921 1.104207
7.931 1.130358
7.941 1.188257
7.951 1.209517
7.961 1.192114
7.971 1.150737
7.981 1.143362
7.991 1.124090
8.001 1.104945
8.011 1.118648
8.022 1.102210
8.032 1.056731
8.042 1.020125
8.052 1.009720
8.062 1.015140
8.072 1.019652
8.082 1.024647
8.092 1.025701
8.102 1.021249
8.112 1.028301
8.122 1.024416
8.132 0.982448
8.142 0.916130
8.152 0.893166
8.162 0.884460
8.172 0.900687
8.182 0.919792
8.192 0.931058
8.202 0.919544
8.212 0.899361
8.222 0.875560
8.232 0.854919
8.242 0.837389
8.252 0.815767
8.262 0.805744
8.272 0.810897
8.282 0.824147
8.292 0.835353
8.302 0.852265
8.312 0.859182
8.322 0.823392
8.332 0.802436
8.342 0.764124
8.352 0.737710
8.363 0.726297
8.373 0.693325
8.383 0.709290
8.393 0.720542
8.403 0.686332
8.413 0.675581
8.423 0.651317
8.433 0.689844
8.443 0.684672
8.453 0.806401
8.463 0.786325
8.473 0.691042
8.483 0.581298
8.493 0.550556
8.503 0.560458
8.513 0.620727
8.523 0.666639
8.534 0.621342
8.544 0.601082
8.554 0.550689
8.564 0.490844
8.574 0.463084
8.584 0.549704
8.594 0.608432
8.604 0.618163
8.614 0.562983
8.624 0.502409
8.634 0.452312
8.644 0.436365
8.654 0.444681
8.664 0.481241
8.674 0.456338
8.684 0.478413
8.694 0.477928
8.704 0.444152
8.714 0.452090
8.724 0.443905
8.734 0.434525
8.744 0.424954
8.754 0.392994
8.764 0.385619
8.774 0.381799
8.784 0.382236
8.794 0.365215
8.804 0.352669
8.814 0.344352
8.824 0.338017
8.834 0.315245
8.844 0.322684
8.854 0.320217
8.864 0.304094
8.875 0.287078
8.885 0.312272
8.895 0.297463
8.905 0.288943
8.915 0.271823
8.925 0.264428
8.935 0.273316
8.945 0.276847
8.955 0.262538
8.965 0.250403
8.975 0.241921
8.985 0.227133
8.995 0.241120
9.005 0.245121
9.015 0.227024
9.025 0.180161
9.035 0.211464
9.046 0.221686
9.056 0.230215
9.066 0.218986
9.076 0.221169
9.086 0.254384
9.096 0.246862
9.106 0.205162
9.116 0.172814
9.126 0.124902
9.136 0.061457
9.146 0.088957
9.156 0.100410
9.166 0.088147
9.176 0.054981
9.186 0.045337
9.196 0.041329
9.206 0.039966
9.216 0.038035
9.226 0.051799
9.236 0.068982
9.246 0.067253
9.256 0.067965
9.266 0.071585
9.276 0.071746
9.286 0.067667
9.296 0.059753
9.306 0.049913
9.316 0.044252
9.326 0.047409
9.336 0.056973
9.346 0.066969
9.356 0.066859
9.366 0.049159
9.376 0.028083
9.387 -0.024215
9.397 0.025236
9.407 0.304239
9.417 0.411825
9.427 0.353331
9.437 0.296229
9.447 0.279363
9.457 0.249001
9.467 0.196035
9.477 0.132008
9.487 0.056813
9.497 -0.023151
9.507 -0.088236
9.517 -0.110364
9.527 -0.115876
9.537 -0.017316
9.547 0.105711
9.558 0.098528
9.568 0.096484
9.578 0.090786
9.588 0.112326
9.598 0.099050
9.608 0.079874
9.618 0.073212
9.628 0.052318
9.638 -0.064417
9.648 0.042561
9.658 0.072859
9.668 0.077531
9.678 0.077887
9.688 0.029303
9.698 0.036927
9.708 0.065142
9.718 0.071814
9.728 0.084164
9.738 0.097481
9.748 0.100842
9.758 0.089656
9.768 0.084258
9.778 0.081359
9.788 0.076974
9.798 0.067382
9.808 0.054522
9.818 0.042669
9.828 0.033198
9.838 0.027498
9.848 0.029312
9.858 0.034323
9.868 0.040047
9.878 0.043816
9.888 0.050784
9.899 0.054877
9.909 0.081971
9.919 0.064730
9.929 0.062068
9.939 0.069659
9.949 0.075508
9.959 0.072215
9.969 0.067586
9.979 0.074743
9.989 0.083703
9.999 0.088000
10.009 -0.052570
10.019 0.050288
10.029 0.085936
10.039 0.087908
10.049 0.103008
10.059 0.093151
10.070 0.087028
10.080 0.101054
10.090 0.104349
10.100 0.059618
10.110 0.086098
10.120 0.119281
10.130 0.101218
10.140 0.090693
10.150 0.091718
10.160 0.096336
10.170 0.015535
10.180 0.055970
10.190 0.081541
10.200 0.082029
10.210 0.169245
10.220 0.140802
10.230 0.091643
10.240 0.130527
10.250 0.123485
10.260 0.095431
10.270 0.084536
10.280 0.122276
10.290 0.055115
10.300 0.036763
10.310 0.109996
10.320 0.143306
10.330 0.131766
10.340 0.129135
10.350 0.101105
10.360 0.096401
10.370 0.107061
10.380 0.150462
10.390 0.167854
10.400 0.152227
10.411 0.114742
10.421 0.173645
10.431 0.183105
10.441 0.116100
10.451 0.071719
10.461 0.114659
10.471 0.156547
10.481 0.090757
10.491 0.072448
10.501 0.071233
10.511 0.077882
10.521 0.036472
10.531 0.024446
10.541 0.069598
10.551 0.029661
10.561 0.001959
10.571 0.019691
10.582 0.015715
10.592 -0.050811
10.602 -0.110955
10.612 0.015316
10.622 0.033689
10.632 0.081535
10.642 0.100690
10.652 0.109736
10.662 0.141180
10.672 0.126215
10.682 0.096361
10.692 0.076815
10.702 0.044864
10.712 0.038006
10.722 0.046771
10.732 0.020032
10.742 0.026135
10.752 0.089913
10.762 0.277520
10.772 0.161914
10.782 0.123023
10.792 0.224840
10.802 0.043944
10.812 0.022894
10.822 0.080952
10.832 0.104307
10.842 0.049983
10.852 0.070642
10.862 0.112756
10.872 0.117337
10.882 0.086706
10.892 0.195377
10.902 0.192207
10.912 0.036308
10.923 0.061315
10.933 0.086987
10.943 0.093289
10.953 -0.004671
10.963 -0.038153
10.973 0.077084
10.983 0.104838
10.993 0.080358
11.003 0.063850
11.013 0.061166
11.023 0.057361
11.033 0.063821
11.043 -0.091154
11.053 -0.117156
11.063 -0.022089
11.073 -0.019434
11.083 0.083573
11.094 0.049324
11.104 0.046462
11.114 0.053550
11.124 0.102452
11.134 0.152429
11.144 -0.012570
11.154 0.000236
11.164 0.172064
11.174 0.145166
11.184 0.097303
11.194 0.094032
11.204 0.126470
11.214 0.154631
11.224 0.207006
11.234 0.100905
11.244 0.077986
11.254 0.056126
11.264 0.059708
11.274 0.003405
11.284 -0.054223
11.294 -0.010193
11.304 -0.011724
11.314 0.159965
11.324 0.370010
11.334 0.205847
11.344 0.037516
11.354 -0.076294
11.364 -0.047343
11.374 0.098061
11.384 0.199125
11.394 0.123058
11.404 0.084238
11.414 0.095800
11.424 0.065867
11.435 0.052739
11.445 0.167463
11.455 0.174034
11.465 0.025340
11.475 -0.029491
11.485 -0.013541
11.495 0.022017
11.505 0.039296
11.515 0.027195
11.525 0.028852
11.535 0.085547
11.545 0.118012
11.555 0.096328
11.565 0.048496
11.575 0.038547
11.585 0.017832
11.595 -0.009620
11.606 0.090425
11.616 -0.008062
11.626 -0.043813
11.636 -0.018551
11.646 0.014684
11.656 0.009248
11.666 0.038991
11.676 0.039306
11.686 0.128491
11.696 0.035326
11.706 0.013204
11.716 -0.029764
11.726 -0.018296
11.736 0.025090
11.746 0.161759
11.756 0.140842
11.766 0.082960
11.776 0.122518
11.786 0.078315
11.796 0.029307
11.806 0.057625
11.816 0.035427
11.826 -0.008141
11.836 0.082454
11.846 0.120583
11.856 0.024656
11.866 0.017758
11.876 0.084534
11.886 0.075203
11.896 0.098721
11.906 0.109646
11.916 0.082269
11.926 0.076766
11.936 0.077195
11.947 0.081160
11.957 0.064713
11.967 0.046308
11.977 0.039692
11.987 0.044243
11.997 0.058641
12.007 0.051737
12.017 0.009228
12.027 0.033987
12.037 0.054844
12.047 0.041008
12.057 0.029784
12.067 0.055963
12.077 0.052444
12.087 0.020631
12.097 0.009763
12.107 0.032082
12.118 0.030443
12.128 -0.012571
12.138 0.015602
12.148 0.035902
12.158 0.007925
12.168 0.003545
12.178 0.019498
12.188 -0.008407
12.198 0.000327
12.208 0.011895
12.218 0.028501
12.228 0.084275
12.238 -0.054718
12.248 0.003719
12.258 0.013389
12.268 -0.014309
12.278 0.047676
12.288 0.065978
12.298 0.064624
12.308 0.049755
12.318 0.042366
12.328 0.130435
12.338 0.246062
12.348 0.162453
12.358 0.065935
12.368 0.054305
12.378 0.035041
12.388 0.034432
12.398 0.039552
12.408 0.103543
12.418 0.055300
12.428 0.042234
12.438 0.048535
12.448 0.045893
12.459 0.034663
12.469 -0.009852
12.479 -0.015417
12.489 0.028394
12.499 0.081043
12.509 0.099322
12.519 0.105267
12.529 0.127782
12.539 0.141190
12.549 0.182652
12.559 0.115813
12.569 0.055643
12.579 -0.010097
12.589 0.000013
12.599 0.039376
12.609 -0.012389
12.619 -0.024546
12.630 0.034789
12.640 0.130094
12.650 0.118040
12.660 0.048574
12.670 0.072811
12.680 0.087551
12.690 0.030465
12.700 -0.016576
12.710 -0.005541
12.720 0.036275
12.730 -0.029577
12.740 -0.029751
12.750 0.102051
12.760 0.093833
12.770 0.051750
12.780 0.030671
12.790 0.030827
12.800 0.049101
12.810 0.008072
12.820 0.043593
12.830 0.116328
12.840 0.225203
12.850 0.157935
12.860 0.081571
12.870 0.082540
12.880 0.104871
12.890 0.120745
12.900 0.116771
12.910 0.012978
12.920 -0.001845
12.930 -0.002179
12.940 0.015775
12.950 0.054558
12.960 0.150023
12.971 0.182146
12.981 0.068926
12.991 0.066107
13.001 0.050738
13.011 0.042706
13.021 0.055922
13.031 0.046715
13.041 0.028553
13.051 0.014430
13.061 0.043868
13.071 0.046869
13.081 0.043081
13.091 0.073869
13.101 0.252248
13.111 0.207971
13.121 0.043743
13.131 -0.046008
13.142 0.024035
13.152 0.087611
13.162 0.202798
13.172 0.101319
13.182 0.100601
13.192 0.077760
13.202 0.050510
13.212 0.040087
13.222 0.063117
13.232 -0.020618
13.242 -0.038883
13.252 -0.016642
13.262 0.195771
13.272 0.182774
13.282 0.102135
13.292 0.056744
13.302 0.026243
13.312 0.028570
13.322 0.040260
13.332 0.053238
13.342 0.092411
13.352 0.097682
13.362 0.064419
13.372 0.057819
13.382 0.049389
13.392 0.049054
13.402 0.038862
13.412 0.077973
13.422 0.086490
13.432 0.078670
13.442 0.071785
13.452 0.054815
13.462 0.039711
13.472 0.038969
13.483 0.076923
13.493 0.119900
13.503 0.089198
13.513 0.085002
13.523 0.081728
13.533 0.067902
13.543 0.055848
13.553 0.052789
13.563 0.066436
13.573 0.070780
13.583 0.081749
13.593 0.076738
13.603 0.067173
13.613 0.049894
13.623 0.040917
13.633 0.035574
13.643 0.031677
13.654 0.033455
13.664 0.042527
13.674 0.052879
13.684 0.088443
13.694 0.129850
13.704 0.057711
13.714 0.037037
13.724 0.069308
13.734 0.121760
13.744 0.051414
13.754 -0.028414
13.764 0.026472
13.774 0.095727
13.784 0.093070
13.794 0.063000
13.804 0.033088
13.814 0.024701
13.824 0.056877
13.834 0.079394
13.844 0.063736
13.854 0.048677
13.864 0.054172
13.874 0.062454
13.884 0.067692
13.894 0.069475
13.904 0.052406
13.914 0.031457
13.924 0.020617
13.934 0.015255
13.944 0.074195
13.954 0.119555
13.964 0.075845
13.974 0.019862
13.984 0.012127
13.995 0.047610
14.005 0.063010
14.015 0.062135
14.025 0.062858
14.035 0.057076
14.045 0.049614
14.055 0.051534
14.065 0.047968
14.075 0.050128
14.085 0.062567
14.095 0.074565
14.105 0.073070
14.115 0.048997
14.125 0.033390
14.135 0.039216
14.145 0.060388
14.155 0.072824
14.166 0.054182
14.176 0.038344
14.186 0.032948
14.196 0.043719
14.206 0.053456
14.216 0.055716
14.226 0.052893
14.236 0.049801
14.246 0.053294
14.256 0.056229
14.266 0.062950
14.276 0.058505
14.286 0.059628
14.296 0.046956
14.306 0.035792
14.316 0.042957
14.326 0.093020
14.336 0.087771
14.346 0.031798
14.356 0.031464
14.366 0.041865
14.376 0.042006
14.386 0.047802
14.396 0.048772
14.406 0.053554
14.416 0.066427
14.426 0.058190
14.436 0.053022
14.446 0.055618
14.456 0.056952
14.466 0.056460
14.476 0.051064
14.486 0.051161
14.496 0.044858
14.507 0.041156
14.517 0.029824
14.527 0.034063
14.537 0.039628
14.547 0.052759
14.557 0.064543
14.567 0.070163
14.577 0.057897
14.587 0.054063
14.597 0.063180
14.607 0.057931
14.617 0.043424
14.627 0.041183
14.637 0.044053
14.647 0.040928
14.657 0.037888
14.667 0.043216
14.678 0.053869
14.688 0.057183
14.698 0.049839
14.708 0.040805
14.718 0.029235
14.728 0.021742
14.738 0.026368
14.748 0.033260
14.758 0.038458
14.768 0.041317
14.778 0.036554
14.788 0.045901
14.798 0.053646
14.808 0.048704
14.818 0.042737
14.828 0.033560
14.838 0.033117
14.848 0.033745
14.858 0.035310
14.868 0.033790
14.878 0.033036
14.888 0.029617
14.898 0.031776
14.908 0.043533
14.918 0.044823
14.928 0.036712
14.938 0.031571
14.948 0.029727
14.958 0.031615
14.968 0.036633
14.978 0.044245
14.988 0.050140
14.998 0.057358
15.008 0.053645
15.019 0.045652
15.029 0.034487
15.039 0.018688
15.049 0.018558
15.059 0.024856
15.069 0.033083
15.079 0.045451
15.089 0.047721
15.099 0.047060
15.109 0.038006
15.119 0.024881
15.129 0.016195
15.139 0.012320
15.149 0.025748
15.159 0.044766
15.169 0.053961
15.179 0.054717
15.190 0.042013
15.200 0.028843
15.210 0.017448
15.220 0.016830
15.230 0.022136
15.240 0.033980
15.250 0.041768
15.260 0.041188
15.270 0.036693
15.280 0.024519
15.290 0.019235
15.300 0.025367
15.310 0.036191
15.320 0.046515
15.330 0.050628
15.340 0.039263
15.350 0.031563
15.360 0.025435
15.370 0.024816
15.380 0.029646
15.390 0.040153
15.400 0.046238
15.410 0.047388
15.420 0.038801
15.430 0.027292
15.440 0.017921
15.450 0.018828
15.460 0.028590
15.470 0.044765
15.480 0.052748
15.490 0.053442
15.500 0.049629
15.510 0.035529
15.520 0.027142
15.531 0.023579
15.541 0.024578
15.551 0.026329
15.561 0.027016
15.571 0.028043
15.581 0.029574
15.591 0.031705
15.601 0.033864
15.611 0.039567
15.621 0.044123
15.631 0.045054
15.641 0.038748
15.651 0.027559
15.661 0.021640
15.671 0.025581
15.681 0.034110
15.691 0.041298
15.702 0.042962
15.712 0.040452
15.722 0.032788
15.732 0.025426
15.742 0.018952
15.752 0.018311
15.762 0.023418
15.772 0.040317
15.782 0.048949
15.792 0.047897
15.802 0.045843
15.812 0.043063
15.822 0.036818
15.832 0.032373
15.842 0.031707
15.852 0.034321
15.862 0.038282
15.872 0.039278
15.882 0.041620
15.892 0.044678
15.902 0.047250
15.912 0.045622
15.922 0.036996
15.932 0.027733
15.942 0.027016
15.952 0.027638
15.962 0.034215
15.972 0.040776
15.982 0.044545
15.992 0.043066
16.002 0.041691
16.012 0.040687
16.022 0.038586
16.032 0.031851
16.043 0.029292
16.053 0.026668
16.063 0.027201
16.073 0.031494
16.083 0.030707
16.093 0.028150
16.103 0.029907
16.113 0.036648
16.123 0.036075
16.133 0.032654
16.143 0.027785
16.153 0.023725
16.163 0.022868
16.173 0.027006
16.183 0.029051
16.193 0.031359
16.203 0.033575
16.214 0.032908
16.224 0.026084
16.234 0.027237
16.244 0.032692
16.254 0.037126
16.264 0.040108
16.274 0.040921
16.284 0.040164
16.294 0.030387
16.304 0.022261
16.314 0.017623
16.324 0.018622
16.334 0.026045
16.344 0.035118
16.354 0.044440
16.364 0.048162
16.374 0.047261
16.384 0.045081
16.394 0.036457
16.404 0.031047
16.414 0.030421
16.424 0.035617
16.434 0.038792
16.444 0.038697
16.454 0.036610
16.464 0.033778
16.474 0.032975
16.484 0.031775
16.494 0.032511
16.504 0.037937
16.514 0.039950
16.524 0.040988
16.534 0.030973
16.544 0.023983
16.555 0.027728
16.565 0.034899
16.575 0.042029
16.585 0.040449
16.595 0.034673
16.605 0.026924
16.615 0.023416
16.625 0.023474
16.635 0.029355
16.645 0.034629
16.655 0.040223
16.665 0.042170
16.675 0.046516
16.685 0.048925
16.695 0.044425
16.705 0.036358
16.715 0.027345
16.726 0.023125
16.736 0.023804
16.746 0.025083
16.756 0.026701
16.766 0.028453
16.776 0.030006
16.786 0.032876
16.796 0.035966
16.806 0.039754
16.816 0.042405
16.826 0.042405
16.836 0.039585
16.846 0.034101
16.856 0.026883
16.866 0.021567
16.876 0.022179
16.886 0.030831
16.896 0.040696
16.906 0.047370
16.916 0.048047
16.926 0.041710
16.936 0.029514
16.946 0.018375
16.956 0.015156
16.966 0.020929
16.976 0.030020
16.986 0.042244
16.996 0.047852
17.006 0.049426
17.016 0.039470
17.026 0.032424
17.036 0.029789
17.046 0.030758
17.056 0.031868
17.067 0.031548
17.077 0.027737
17.087 0.022668
17.097 0.026870
17.107 0.032438
17.117 0.039132
17.127 0.043044
17.137 0.041869
17.147 0.035030
17.157 0.033842
17.167 0.028873
17.177 0.025916
17.187 -0.045352
17.197 -0.144901
17.207 -0.234014
17.217 -0.364928
17.227 -0.330286
17.238 -0.277088
17.248 -0.280562
17.258 -0.243855
17.268 -0.205877
17.278 -0.191020
17.288 -0.191285
17.298 -0.197379
17.308 -0.192816
17.318 -0.180321
17.328 -0.172872
17.338 -0.163280
17.348 -0.169590
17.358 -0.182725
17.368 -0.194475
17.378 -0.217098
17.388 -0.247160
17.398 -0.289012
17.408 -0.324608
17.418 -0.308907
17.428 -0.301432
17.438 -0.299289
17.448 -0.297204
17.458 -0.272727
17.468 -0.234149
17.478 -0.213106
17.488 -0.180212
17.498 -0.161831
17.508 -0.138713
17.518 -0.099270
17.528 -0.054518
17.538 -0.031346
17.548 -0.005831
17.558 -0.011732
17.568 -0.029255
17.579 -0.032053
17.589 -0.027958
17.599 -0.040757
17.609 -0.066964
17.619 -0.104977
17.629 -0.137035
17.639 -0.135305
17.649 -0.103530
17.659 -0.062793
17.669 -0.024418
17.679 -0.011272
17.689 -0.017486
17.699 -0.015075
17.709 -0.018827
17.719 -0.038410
17.729 -0.061395
17.739 -0.083724
17.750 -0.087489
17.760 -0.077069
17.770 -0.056685
17.780 -0.034306
17.790 0.001298
17.800 0.020765
17.810 0.011922
17.820 -0.038181
17.830 -0.056897
17.840 -0.059083
17.850 -0.045046
17.860 -0.028582
17.870 -0.012686
17.880 -0.005553
17.890 -0.013075
17.900 -0.020831
17.910 -0.019330
17.920 -0.009729
17.930 0.002758
17.940 0.005501
17.950 -0.005715
17.960 -0.032463
17.970 -0.051512
17.980 -0.060906
17.990 -0.045394
18.000 -0.011442
18.010 0.023913
18.020 0.048915
18.030 0.057001
18.040 0.049719
18.050 0.031007
18.060 0.012342
18.070 0.002118
18.080 -0.006205
18.091 0.000431
18.101 0.012872
18.111 0.030535
18.121 0.050876
18.131 0.061247
18.141 0.063450
18.151 0.069317
18.161 0.076505
18.171 0.066586
18.181 0.040747
18.191 0.031283
18.201 0.031796
18.211 0.045785
18.221 0.062825
18.231 0.080167
18.241 0.094134
18.251 0.100808
18.262 0.100703
18.272 0.088271
18.282 0.075585
18.292 0.068992
18.302 0.066261
18.312 0.073450
18.322 0.087325
18.332 0.103083
18.342 0.110109
18.352 0.111720
18.362 0.108472
18.372 0.106218
18.382 0.106867
18.392 0.108332
18.402 0.103555
18.412 0.100253
18.422 0.091956
18.432 0.088295
18.442 0.097099
18.452 0.102880
18.462 0.106775
18.472 0.110577
18.482 0.105847
18.492 0.104393
18.502 0.103813
18.512 0.105737
18.522 0.105938
18.532 0.104936
18.542 0.100670
18.552 0.095491
18.562 0.092075
18.572 0.089514
18.582 0.090084
18.592 0.103138
18.603 0.101292
18.613 0.090287
18.623 0.080589
18.633 0.074705
18.643 0.071870
18.653 0.074170
18.663 0.079760
18.673 0.080675
18.683 0.076137
18.693 0.070223
18.703 0.067995
18.713 0.065088
18.723 0.055961
18.733 0.062704
18.743 0.049602
18.753 0.048713
18.763 0.090508
18.774 0.059306
18.784 0.023067
18.794 0.033485
18.804 0.029600
18.814 0.037274
18.824 0.056201
18.834 0.035973
18.844 0.014214
18.854 0.028799
18.864 0.034184
18.874 -0.001085
18.884 0.001328
18.894 0.023102
18.904 0.013469
18.914 -0.005836
18.924 -0.007166
18.934 0.017267
18.944 0.010844
18.954 0.018626
18.964 0.004751
18.974 0.007483
18.984 -0.001104
18.994 -0.012587
19.004 -0.014783
19.014 -0.016137
19.024 -0.026344
19.034 -0.031555
19.044 -0.030827
19.054 -0.019390
19.064 -0.007914
19.074 -0.012329
19.084 -0.023923
19.094 -0.032743
19.104 -0.047634
19.115 -0.045700
19.125 -0.035853
19.135 -0.028409
19.145 -0.013920
19.155 -0.006842
19.165 -0.002083
19.175 -0.006081
19.185 -0.015633
19.195 -0.024415
19.205 -0.023281
19.215 -0.019594
19.225 -0.023186
19.235 -0.025629
19.245 -0.028904
19.255 -0.034153
19.265 -0.034905
19.275 -0.023053
19.286 -0.005205
19.296 -0.002068
19.306 -0.023990
19.316 -0.032801
19.326 -0.025450
19.336 -0.028629
19.346 -0.026495
19.356 -0.011703
19.366 -0.002290
19.376 0.003646
19.386 0.014486
19.396 0.010218
19.406 0.001764
19.416 0.005639
19.426 0.003872
19.436 0.001217
19.446 -0.010119
19.456 -0.005749
19.466 -0.002484
19.476 0.011557
19.486 0.032634
19.496 0.043890
19.506 0.041591
19.516 0.037284
19.526 0.032776
19.536 0.029050
19.546 0.021688
19.556 0.014323
19.566 0.013797
19.576 0.026424
19.586 0.043568
19.596 0.058455
19.606 0.068804
19.616 0.063690
19.627 0.053422
19.637 0.051956
19.647 0.054790
19.657 0.060672
19.667 0.063608
19.677 0.063712
19.687 0.068522
19.697 0.078031
19.707 0.082682
19.717 0.087036
19.727 0.089717
19.737 0.085354
19.747 0.077661
19.757 0.076183
19.767 0.077107
19.777 0.080792
19.787 0.085279
19.798 0.082824
19.808 0.076907
19.818 0.075731
19.828 0.074782
19.838 0.078610
19.848 0.083812
19.858 0.090212
19.868 0.091347
19.878 0.084354
19.888 0.080220
19.898 0.075616
19.908 0.078333
19.918 0.083590
19.928 0.087435
19.938 0.084844
19.948 0.081603
19.958 0.073850
19.968 0.069765
19.978 0.077199
19.988 0.083757
19.998 0.084094
20.008 0.084210
20.018 0.080816
20.028 0.073491
20.038 0.068207
20.048 0.067382
20.058 0.065965
20.068 0.075686
20.078 0.079681
20.088 0.079003
20.098 0.070150
20.108 0.059518
20.118 0.051941
20.128 0.050967
20.139 0.050353
20.149 0.049808
20.159 0.050968
20.169 0.052373
20.179 0.050408
20.189 0.047266
20.199 0.067068
20.209 0.032908
20.219 0.041037
20.229 0.030352
20.239 0.023772
20.249 0.035078
20.259 0.034633
20.269 0.036484
20.279 0.038515
20.289 0.038713
20.299 0.037604
20.310 0.024395
20.320 -0.007569
20.330 0.015312
20.340 0.015488
20.350 0.016061
20.360 0.011898
20.370 0.013658
20.380 0.017653
20.390 0.018806
20.400 0.015678
20.410 0.011351
20.420 0.002391
20.430 -0.007049
20.440 -0.009206
20.450 -0.004225
20.460 0.001420
20.470 0.007443
20.480 0.009730
20.490 0.007608
20.500 0.009442
20.510 0.010589
20.520 0.001078
20.530 -0.007130
20.540 -0.006115
20.550 -0.012253
20.560 -0.014113
20.570 -0.022146
20.580 -0.026875
20.590 -0.023047
20.600 -0.018327
20.610 -0.009661
20.620 -0.007557
20.630 -0.004234
20.640 -0.006352
20.651 -0.009147
20.661 -0.008858
20.671 -0.003959
20.681 -0.003577
20.691 -0.001558
20.701 0.000017
20.711 -0.003621
20.721 -0.001117
20.731 0.001359
20.741 0.001988
20.751 0.005006
20.761 0.003825
20.771 -0.000217
20.781 0.003462
20.791 0.003133
20.801 0.007908
20.811 0.013131
20.822 0.013377
20.832 0.013891
20.842 0.013272
20.852 0.011047
20.862 0.015810
20.872 0.022582
20.882 0.026769
20.892 0.027875
20.902 0.016633
20.912 0.012309
20.922 0.010009
20.932 0.016725
20.942 0.027731
20.952 0.038381
20.962 0.039671
20.972 0.032603
20.982 0.029125
20.992 0.029351
21.002 0.034673
21.012 0.041529
21.022 0.042318
21.032 0.041278
21.042 0.038383
21.052 0.038804
21.062 0.040010
21.072 0.040363
21.082 0.041851
21.092 0.052359
21.102 0.058415
21.112 0.062233
21.122 0.068523
21.132 0.064916
21.142 0.066321
21.152 0.069224
21.163 0.066880
21.173 0.064916
21.183 0.068057
21.193 0.075951
21.203 0.081404
21.213 0.082838
21.223 0.083663
21.233 0.083230
21.243 0.081749
21.253 0.078592
21.263 0.074930
21.273 0.070836
21.283 0.073287
21.293 0.077680
21.303 0.079272
21.313 0.080102
21.323 0.075160
21.334 0.074720
21.344 0.070171
21.354 0.068135
21.364 0.070231
21.374 0.069212
21.384 0.067216
21.394 0.066435
21.404 0.066592
21.414 0.069400
21.424 0.067441
21.434 0.063845
21.444 0.062492
21.454 0.058337
21.464 0.058689
21.474 0.062087
21.484 0.064851
21.494 0.062703
21.504 0.058619
21.514 0.054965
21.524 0.051370
21.534 0.051781
21.544 0.051796
21.554 0.051174
21.564 0.050432
21.574 0.052647
21.584 0.052920
21.594 0.048407
21.604 0.043905
21.614 0.035409
21.624 0.029017
21.634 0.029383
21.644 0.034915
21.654 0.060181
21.664 0.048905
21.675 0.052986
21.685 0.048171
21.695 0.034181
21.705 0.027560
21.715 0.028882
21.725 0.028074
21.735 0.024845
21.745 0.023978
21.755 0.021093
21.765 0.019422
21.775 0.016784
21.785 0.015524
21.795 0.012488
21.805 0.014925
21.815 0.014510
21.825 0.006149
21.835 0.004316
21.846 0.001920
21.856 0.009393
21.866 0.014296
21.876 0.018310
21.886 0.013454
21.896 0.010199
21.906 0.004703
21.916 0.003475
21.926 0.000063
21.936 0.002261
21.946 0.003360
21.956 0.004368
21.966 0.006375
21.976 0.004512
21.986 0.003194
21.996 -0.000277
22.006 -0.001759
22.016 -0.000591
22.026 -0.002795
22.036 -0.002025
22.046 0.004269
22.056 0.010967
22.066 0.013407
22.076 0.004403
22.086 0.001851
22.096 0.007434
22.106 0.006360
22.116 0.008798
22.126 0.005129
22.136 0.000657
22.146 -0.003266
22.156 -0.003466
22.166 -0.001281
22.176 0.003207
22.187 0.007275
22.197 0.011272
22.207 0.011424
22.217 0.010310
22.227 0.006953
22.237 0.003785
22.247 0.007334
22.257 0.016114
22.267 0.022949
22.277 0.030668
22.287 0.038825
22.297 0.041608
22.307 0.035725
22.317 0.022878
22.327 0.013167
22.337 0.009217
22.347 0.015849
22.358 0.022479
22.368 0.030667
22.378 0.037615
22.388 0.037562
22.398 0.034125
22.408 0.030206
22.418 0.028070
22.428 0.029330
22.438 0.029006
22.448 0.030217
22.458 0.039047
22.468 0.047087
22.478 0.049646
22.488 0.051364
22.498 0.054062
22.508 0.053950
22.518 0.050402
22.528 0.049501
22.538 0.053424
22.548 0.058320
22.558 0.056855
22.568 0.057831
22.578 0.058667
22.588 0.056611
22.598 0.057391
22.608 0.060213
22.618 0.059965
22.628 0.063494
22.638 0.067457
22.648 0.071762
22.658 0.072775
22.668 0.070983
22.678 0.066997
22.688 0.064809
22.699 0.060284
22.709 0.055356
22.719 0.053497
22.729 0.059700
22.739 0.066684
22.749 0.068722
22.759 0.067487
22.769 0.064206
22.779 0.062274
22.789 0.055489
22.799 0.056301
22.809 0.055960
22.819 0.055672
22.829 0.055619
22.839 0.058943
22.849 0.056447
22.859 0.054065
22.870 0.056618
22.880 0.059365
22.890 0.060319
22.900 0.057922
22.910 0.055990
22.920 0.056088
22.930 0.055024
22.940 0.053594
22.950 0.047542
22.960 0.043148
22.970 0.041890
22.980 0.047889
22.990 0.051828
23.000 0.054278
23.010 0.045853
23.020 0.041907
23.030 0.041875
23.040 0.044668
23.050 0.047677
23.060 0.044417
23.070 0.042790
23.080 0.041453
23.090 0.041117
23.100 0.040251
23.110 0.044722
23.120 0.019989
23.130 0.038868
23.140 0.033424
23.150 0.031803
23.160 0.031086
23.170 0.033853
23.180 0.036143
23.190 0.031834
23.200 0.027021
23.211 0.022069
23.221 0.017893
23.231 0.007089
23.241 0.006727
23.251 0.039475
23.261 0.019367
23.271 0.016255
23.281 0.012563
23.291 0.004304
23.301 0.001683
23.311 0.007338
23.321 0.014519
23.331 0.018436
23.341 0.015116
23.351 0.017018
23.361 0.011981
23.371 0.002275
23.382 -0.004926
23.392 -0.005388
23.402 0.003629
23.412 0.013858
23.422 0.018270
23.432 0.019617
23.442 0.019669
23.452 0.013907
23.462 0.008874
23.472 0.004658
23.482 0.003067
23.492 0.006547
23.502 0.013922
23.512 0.009678
23.522 0.008747
23.532 0.013153
23.542 0.014076
23.552 0.011072
23.562 0.014487
23.572 0.011747
23.582 0.011960
23.592 0.008171
23.602 0.005986
23.612 0.006267
23.622 0.011392
23.632 0.016151
23.642 0.020182
23.652 0.019347
23.662 0.018210
23.672 0.015825
23.682 0.015677
23.692 0.017219
23.702 0.021641
23.712 0.032505
23.723 0.040417
23.733 0.040161
23.743 0.038387
23.753 0.033401
23.763 0.030817
23.773 0.027556
23.783 0.022880
23.793 0.020577
23.803 0.021357
23.813 0.026005
23.823 0.029639
23.833 0.033896
23.843 0.035195
23.853 0.036932
23.863 0.039775
23.873 0.043831
23.883 0.047098
23.894 0.043598
23.904 0.039271
23.914 0.034553
23.924 0.039182
23.934 0.046057
23.944 0.052305
23.954 0.056256
23.964 0.057770
23.974 0.055593
23.984 0.049426
23.994 0.045398
24.004 0.045152
24.014 0.049404
24.024 0.051753
24.034 0.047219
24.044 0.045112
24.054 0.041968
24.064 0.045688
24.074 0.057571
24.084 0.067106
24.094 0.066994
24.104 0.064449
24.114 0.058266
24.124 0.052354
24.134 0.049727
24.144 0.053362
24.154 0.057810
24.164 0.060567
24.174 0.058285
24.184 0.055911
24.194 0.048867
24.204 0.043883
24.214 0.045661
24.224 0.055812
24.235 0.062870
24.245 0.063553
24.255 0.062398
24.265 0.057538
24.275 0.054304
24.285 0.048110
24.295 0.048800
24.305 0.045792
24.315 0.044678
24.325 0.044109
24.335 0.047144
24.345 0.047008
24.355 0.047090
24.365 0.047635
24.375 0.049744
24.385 0.049076
24.395 0.050820
24.406 0.050852
24.416 0.053273
24.426 0.051830
24.436 0.046936
24.446 0.039657
24.456 0.035581
24.466 0.033124
24.476 0.027667
24.486 0.026296
24.496 0.030524
24.506 0.034134
24.516 0.035715
24.526 0.036548
24.536 0.034373
24.546 0.031811
24.556 0.029837
24.566 0.036180
24.576 0.028076
24.586 0.025713
24.596 0.026040
24.606 0.021090
24.616 0.022543
24.626 0.019999
24.636 0.024731
24.646 0.026186
24.656 0.025564
24.666 0.026363
24.676 0.028305
24.686 0.023744
24.696 0.021911
24.706 0.024470
24.716 0.025157
24.726 0.025154
24.736 0.023745
24.747 0.023520
24.757 0.021750
24.767 0.021839
24.777 0.022994
24.787 0.019977
24.797 0.018684
24.807 0.019450
24.817 0.020246
24.827 0.017890
24.837 0.018393
24.847 0.021117
24.857 0.027562
24.867 0.027803
24.877 0.025138
24.887 0.019934
24.897 0.011942
24.907 0.014614
24.918 0.015315
24.928 0.019041
24.938 0.017820
24.948 0.016153
24.958 0.013354
24.968 0.011689
24.978 0.017127
24.988 0.013487
24.998 0.017623
25.008 0.015850
25.018 0.013803
25.028 0.014455
25.038 0.015663
25.048 0.017483
25.058 0.019584
25.068 0.017767
25.078 0.019556
25.088 0.021957
25.098 0.024030
25.108 0.025324
25.118 0.022284
25.128 0.020331
25.138 0.021792
25.148 0.023418
25.158 0.022720
25.168 0.022924
25.178 0.024903
25.188 0.030675
25.198 0.036434
25.208 0.043297
25.218 0.046659
25.228 0.046226
25.238 0.042224
25.248 0.038165
25.259 0.033673
25.269 0.034667
25.279 0.040862
25.289 0.045103
25.299 0.048769
25.309 0.046482
25.319 0.038662
25.329 0.031566
25.339 0.030098
25.349 0.035390
25.359 0.037790
25.369 0.041009
25.379 0.040831
25.389 0.045046
25.399 0.044571
25.409 0.041761
25.419 0.040074
25.430 0.040477
25.440 0.044199
25.450 0.047429
25.460 0.050485
25.470 0.054351
25.480 0.050085
25.490 0.046427
25.500 0.043797
25.510 0.042990
25.520 0.044640
25.530 0.046230
25.540 0.050138
25.550 0.048895
25.560 0.047855
25.570 0.048571
25.580 0.052839
25.590 0.055833
25.600 0.057581
25.610 0.057522
25.620 0.059022
25.630 0.058722
25.640 0.053065
25.650 0.052721
25.660 0.051599
25.670 0.051131
25.680 0.053059
25.690 0.054865
25.700 0.055708
25.710 0.057137
25.720 0.053429
25.730 0.047680
25.740 0.044849
25.750 0.043420
25.760 0.039717
25.771 0.040334
25.781 0.044302
25.791 0.044790
25.801 0.045505
25.811 0.042110
25.821 0.034330
25.831 0.029654
25.841 0.028891
25.851 0.028576
25.861 0.024168
25.871 0.028044
25.881 0.031344
25.891 0.034467
25.901 0.037214
25.911 0.035145
25.921 0.010492
25.931 0.031946
25.942 0.028920
25.952 0.023468
25.962 0.022832
25.972 0.022678
25.982 0.024623
25.992 0.028808
26.002 0.031421
26.012 0.029328
26.022 0.026692
26.032 0.028498
26.042 0.028359
26.052 0.024010
26.062 0.019990
26.072 0.027860
26.082 0.033079
26.092 0.035429
26.102 0.034583
26.112 0.030783
26.122 0.025585
26.132 0.021742
26.142 0.020154
26.152 0.024361
26.162 0.026725
26.172 0.029202
26.182 0.029408
26.192 0.029065
26.202 0.028814
26.212 0.024118
26.222 0.023523
26.232 0.024892
26.242 0.025786
26.252 0.023501
26.262 0.023561
26.272 0.023303
26.283 0.024153
26.293 0.024429
26.303 0.021483
26.313 0.018367
26.323 0.013778
26.333 0.010240
26.343 0.007846
26.353 0.015567
26.363 0.020044
26.373 0.027681
26.383 0.025210
26.393 0.019561
26.403 0.017090
26.413 0.016872
26.423 0.015645
26.433 0.018727
26.443 0.021351
26.454 0.020286
26.464 0.018304
26.474 0.020062
26.484 0.022362
26.494 0.023994
26.504 0.024978
26.514 0.029732
26.524 0.032795
26.534 0.034649
26.544 0.033641
26.554 0.032505
26.564 0.027864
26.574 0.025806
26.584 0.027543
26.594 0.028524
26.604 0.029332
26.614 0.032934
26.624 0.035889
26.634 0.039287
26.644 0.042440
26.654 0.042633
26.664 0.039431
26.674 0.040788
26.684 0.040875
26.694 0.042539
26.704 0.043231
26.714 0.045636
26.724 0.042608
26.734 0.039917
26.744 0.037581
26.754 0.036349
26.764 0.036937
26.774 0.037651
26.784 0.038664
26.795 0.042001
26.805 0.044237
26.815 0.043648
26.825 0.040811
26.835 0.037420
26.845 0.036505
26.855 0.034333
26.865 0.033871
26.875 0.036743
26.885 0.043418
26.895 0.043802
26.905 0.043372
26.915 0.042412
26.925 0.041661
26.935 0.041143
26.945 0.043269
26.955 0.050744
26.966 0.050838
26.976 0.050451
26.986 0.045975
26.996 0.044666
27.006 0.043684
27.016 0.045708
27.026 0.047340
27.036 0.048649
27.046 0.049781
27.056 0.051911
27.066 0.050537
27.076 0.048056
27.086 0.048606
27.096 0.046578
27.106 0.044892
27.116 0.046696
27.126 0.044845
27.136 0.045562
27.146 0.043656
27.156 0.043922
27.166 0.042037
27.176 0.043764
27.186 0.045516
27.196 0.047488
27.206 0.043568
27.216 0.039832
27.226 0.034984
27.236 0.031947
27.246 0.030672
27.256 0.033315
27.266 0.034325
27.276 0.041265
27.286 0.041857
27.296 0.041057
27.307 0.037369
27.317 0.033248
27.327 0.031708
27.337 0.030429
27.347 0.030840
27.357 0.029928
27.367 0.032010
27.377 0.035496
27.387 0.036668
27.397 0.037244
27.407 0.033033
27.417 0.027907
27.427 0.023732
27.437 0.022985
27.447 0.025927
27.457 0.028919
27.467 0.033699
27.478 0.035333
27.488 0.030263
27.498 0.029829
27.508 0.050257
27.518 0.025409
27.528 0.021089
27.538 0.018956
27.548 0.016637
27.558 0.021109
27.568 0.026554
27.578 0.026022
27.588 0.026106
27.598 0.022944
27.608 0.023023
27.618 0.023097
27.628 0.024136
27.638 0.024897
27.648 0.025970
27.658 0.027319
27.668 0.025583
27.678 0.027248
27.688 0.026996
27.698 0.027650
27.708 0.024430
27.718 0.024506
27.728 0.022870
27.738 0.023143
27.748 0.018750
27.758 0.016232
27.768 0.016975
27.778 0.019262
27.788 0.022495
27.798 0.025403
27.808 0.027490
27.819 0.027159
27.829 0.025335
27.839 0.023800
27.849 0.022833
27.859 0.021363
27.869 0.023003
27.879 0.025575
27.889 0.027639
27.899 0.027190
27.909 0.027872
27.919 0.026721
27.929 0.025350
27.939 0.022664
27.949 0.025076
27.959 0.028083
27.969 0.029035
27.979 0.027459
27.990 0.028423
28.000 0.029996
28.010 0.031061
28.020 0.031995
28.030 0.034302
28.040 0.036107
28.050 0.040910
28.060 0.043570
28.070 0.040127
28.080 0.035951
28.090 0.031902
28.100 0.031780
28.110 0.034832
28.120 0.036547
28.130 0.040754
28.140 0.042356
28.150 0.039815
28.160 0.038236
28.170 0.033539
28.180 0.034091
28.190 0.037449
28.200 0.041279
28.210 0.044857
28.220 0.046584
28.230 0.044742
28.240 0.041160
28.250 0.038725
28.260 0.038550
28.270 0.036928
28.280 0.044048
28.290 0.045871
28.300 0.051933
28.310 0.048761
28.320 0.045170
28.331 0.038949
28.341 0.033754
28.351 0.033860
28.361 0.036035
28.371 0.038396
28.381 0.046087
28.391 0.051557
28.401 0.054233
28.411 0.047783
28.421 0.046015
28.431 0.037630
28.441 0.034597
28.451 0.031985
28.461 0.033527
28.471 0.035616
28.481 0.035869
28.491 0.040415
28.502 0.044100
28.512 0.046847
28.522 0.049230
28.532 0.049183
28.542 0.044968
28.552 0.044966
28.562 0.042191
28.572 0.040846
28.582 0.036315
28.592 0.032272
28.602 0.030874
28.612 0.033299
28.622 0.036884
28.632 0.040061
28.642 0.039841
28.652 0.037543
28.662 0.036402
28.672 0.036317
28.682 0.035413
28.692 0.034125
28.702 0.032004
28.712 0.030179
28.722 0.030159
28.732 0.030957
28.742 0.035204
28.752 0.038210
28.762 0.037842
28.772 0.037270
28.782 0.036222
28.792 0.031830
28.802 0.028699
28.812 0.026794
28.822 0.029994
28.832 0.036617
28.843 0.036377
28.853 0.035731
28.863 0.032320
28.873 0.029550
28.883 0.028097
28.893 0.026973
28.903 0.026698
28.913 0.027718
28.923 0.028112
28.933 0.029630
28.943 0.028848
28.953 0.029648
28.963 0.028736
28.973 0.029961
28.983 0.032489
28.993 0.032989
29.003 0.028188
29.014 0.026654
29.024 0.028616
29.034 0.031484
29.044 0.031234
29.054 0.029554
29.064 0.028580
29.074 0.027637
29.084 0.026468
29.094 0.025977
29.104 0.027417
29.114 0.028209
29.124 0.032385
29.134 0.031681
29.144 0.032377
29.154 0.031128
29.164 0.027098
29.174 0.026311
29.184 0.022565
29.194 0.021105
29.204 0.022278
29.214 0.021913
29.224 0.024037
29.234 0.026058
29.244 0.028509
29.254 0.030869
29.264 0.026065
29.274 0.025163
29.284 0.022537
29.294 0.022107
29.304 0.027255
29.314 0.028509
29.324 0.028539
29.334 0.029585
29.344 0.028174
29.355 0.025791
29.365 0.027283
29.375 0.029539
29.385 0.027804
29.395 0.027918
29.405 0.026168
29.415 0.028209
29.425 0.031466
29.435 0.033944
29.445 0.034171
29.455 0.034792
29.465 0.037026
29.475 0.037688
29.485 0.039281
29.495 0.036933
29.505 0.035531
29.515 0.036653
29.526 0.035532
29.536 0.035435
29.546 0.035244
29.556 0.037422
29.566 0.038434
29.576 0.040453
29.586 0.037500
29.596 0.036419
29.606 0.033838
29.616 0.034124
29.626 0.036130
29.636 0.038810
29.646 0.041214
29.656 0.042180
29.666 0.043014
29.676 0.041580
29.686 0.039757
29.696 0.037883
29.706 0.038425
29.716 0.034425
29.726 0.035614
29.736 0.038989
29.746 0.038792
29.756 0.038868
29.766 0.038264
29.776 0.038471
29.786 0.037483
29.796 0.041739
29.806 0.041914
29.816 0.042769
29.826 0.044881
29.836 0.044910
29.846 0.042137
29.856 0.039214
29.867 0.038832
29.877 0.038630
29.887 0.039103
29.897 0.040321
29.907 0.039406
29.917 0.038300
29.927 0.036209
29.937 0.036938
29.947 0.038207
29.957 0.036702
29.967 0.039945
29.977 0.038938
29.987 0.038705
29.997 0.040992
30.007 0.040098
30.017 0.041355
30.027 0.039200
30.038 0.036167
30.048 0.032879
30.058 0.028742
30.068 0.029862
30.078 0.031185
30.088 0.033901
30.098 0.036181
30.108 0.034796
30.118 0.034611
30.128 0.031341
30.138 0.032588
30.148 0.032880
30.158 0.011041
30.168 0.034416
30.178 0.034651
30.188 0.039876
30.198 0.041612
30.208 0.041334
30.218 0.039475
30.228 0.032513
30.238 0.024943
30.248 0.021808
30.258 0.025455
30.268 0.031807
30.278 0.037278
30.288 0.037155
30.298 0.033765
30.308 0.029842
30.318 0.025495
30.328 0.026242
30.338 0.024395
30.348 0.028149
30.358 0.029507
30.368 0.034592
30.379 0.032879
30.389 0.032465
30.399 0.029496
30.409 0.028162
30.419 0.029310
30.429 0.028342
30.439 0.026657
30.449 0.030427
30.459 0.033539
30.469 0.032244
30.479 0.028941
30.489 0.027266
30.499 0.029996
30.509 0.028039
30.519 0.026354
30.529 0.028990
30.539 0.033140
30.550 0.032788
30.560 0.029205
30.570 0.029345
30.580 0.027749
30.590 0.028289
30.600 0.028541
30.610 0.032159
30.620 0.032293
30.630 0.032159
30.640 0.033406
30.650 0.030035
30.660 0.025895
30.670 0.024007
30.680 0.026886
30.690 0.029277
30.700 0.027846
30.710 0.029608
30.720 0.031873
30.730 0.031879
30.740 0.032201
30.750 0.032114
30.760 0.030856
30.770 0.031483
30.780 0.027311
30.790 0.031854
30.800 0.032793
30.810 0.031841
30.820 0.030675
30.830 0.029342
30.840 0.029706
30.850 0.029957
30.860 0.031442
30.870 0.032623
30.880 0.035690
30.891 0.036408
30.901 0.036630
30.911 0.040604
30.921 0.040105
30.931 0.038809
30.941 0.035367
30.951 0.033406
30.961 0.034863
30.971 0.033906
30.981 0.034369
30.991 0.032729
31.001 0.032745
31.011 0.032551
31.021 0.032658
31.031 0.034527
31.041 0.034810
31.051 0.039624
31.062 0.041850
31.072 0.040213
31.082 0.034389
31.092 0.030423
31.102 0.028077
31.112 0.029107
31.122 0.031676
31.132 0.037202
31.142 0.040975
31.152 0.042360
31.162 0.040244
31.172 0.036612
31.182 0.036223
31.192 0.036017
31.202 0.041455
31.212 0.034556
31.222 0.035883
31.232 0.034027
31.242 0.036504
31.252 0.034040
31.262 0.034318
31.272 0.035604
31.282 0.038883
31.292 0.038119
31.302 0.041198
31.312 0.039551
31.322 0.038108
31.332 0.037338
31.342 0.036546
31.352 0.039999
31.362 0.043956
31.372 0.042365
31.382 0.041585
31.392 0.040804
31.403 0.035953
31.413 0.034382
31.423 0.033941
31.433 0.035153
31.443 0.037305
31.453 0.039725
31.463 0.041592
31.473 0.036790
31.483 0.032253
31.493 0.029555
31.503 0.028356
31.513 0.030053
31.523 0.032235
31.533 0.036532
31.543 0.032174
31.553 0.028416
31.563 0.025033
31.574 0.026922
31.584 0.033078
31.594 0.035323
31.604 0.037594
31.614 0.040067
31.624 0.038349
31.634 0.035365
31.644 0.029680
31.654 0.027498
31.664 0.024453
31.674 0.021250
31.684 0.022714
31.694 0.029362
31.704 0.038633
31.714 0.039772
31.724 0.036132
31.734 0.027844
31.744 0.023342
31.754 0.021138
31.764 0.018267
31.774 0.019364
31.784 0.028896
31.794 0.035132
31.804 0.048071
31.814 0.053013
31.824 0.051166
31.834 0.042086
31.844 0.031830
31.854 0.026286
31.864 0.024920
31.874 0.024349
31.884 0.025067
31.894 0.027682
31.904 0.031433
31.915 0.035649
31.925 0.036864
31.935 0.031925
31.945 0.029890
31.955 0.030362
31.965 0.035020
31.975 0.040773
31.985 0.043262
31.995 0.040567
32.005 0.035490
32.015 0.032883
32.025 0.033568
32.035 0.030116
32.045 0.031874
32.055 0.034712
32.065 0.037530
32.075 0.035886
32.086 0.028397
32.096 0.022966
32.106 0.023175
32.116 0.029111
32.126 0.032845
32.136 0.034726
32.146 0.034054
32.156 0.034441
32.166 0.033254
32.176 0.030207
32.186 0.028072
32.196 0.025727
32.206 0.025784
32.216 0.028901
32.226 0.032177
32.236 0.036211
32.246 0.034660
32.256 0.031761
32.266 0.031600
32.276 0.031466
32.286 0.030120
32.296 0.029783
32.306 0.029114
32.316 0.028998
32.326 0.029658
32.336 0.033475
32.346 0.037315
32.356 0.038342
32.366 0.037965
32.376 0.036367
32.386 0.033714
32.396 0.032681
32.406 0.032551
32.416 0.033000
32.427 0.033722
32.437 0.033009
32.447 0.032733
32.457 0.033806
32.467 0.036680
32.477 0.037437
32.487 0.037305
32.497 0.036466
32.507 0.034970
32.517 0.032878
32.527 0.032696
32.537 0.034415
32.547 0.035835
32.557 0.040944
32.567 0.041565
32.577 0.040730
32.587 0.035282
32.598 0.033745
32.608 0.031818
32.618 0.038583
32.628 0.040677
32.638 0.042895
32.648 0.039909
32.658 0.037400
32.668 0.030064
32.678 0.027508
32.688 0.029588
32.698 0.032637
32.708 0.034838
32.718 0.037269
32.728 0.039641
32.738 0.038440
32.748 0.036384
32.758 0.030364
32.768 0.025154
32.778 0.023007
32.788 0.025320
32.798 0.028818
32.808 0.034739
32.818 0.040417
32.828 0.041716
32.838 0.042020
32.848 0.038169
32.858 0.035016
32.868 0.034148
32.878 0.034210
32.888 0.035903
32.898 0.036727
32.908 0.036283
32.918 0.035621
32.928 0.033572
32.939 0.032995
32.949 0.034654
32.959 0.010366
32.969 0.034618
32.979 0.032660
32.989 0.031322
32.999 0.033121
33.009 0.035083
33.019 0.037616
33.029 0.036715
33.039 0.036058
33.049 0.036200
33.059 0.036397
33.069 0.033124
33.079 0.032450
33.089 0.033516
33.099 0.036620
33.110 0.034676
33.120 0.033922
33.130 0.032091
33.140 0.030624
33.150 0.028017
33.160 0.027043
33.170 0.025337
33.180 0.025963
33.190 0.027363
33.200 0.032160
33.210 0.033600
33.220 0.032560
33.230 0.030527
33.240 0.030087
33.250 0.027830
33.260 0.028635
33.270 0.030317
33.280 0.028381
33.290 0.030180
33.300 0.033983
33.310 0.037130
33.320 0.038900
33.330 0.037245
33.340 0.035669
33.350 0.031434
33.360 0.030548
33.370 0.025574
33.380 0.026606
33.390 0.025712
33.400 0.029024
33.410 0.033055
33.420 0.035309
33.430 0.041459
33.440 0.044270
33.451 0.043509
33.461 0.038818
33.471 -0.028200
33.481 -0.013407
33.491 -0.007868
33.501 -0.006875
33.511 0.020405
33.521 0.018042
33.531 -0.005160
33.541 -0.010439
33.551 0.018157
33.561 0.051576
33.571 0.085084
33.581 0.093238
33.591 0.079928
33.601 0.028105
33.611 -0.028812
33.622 0.028346
33.632 0.062807
33.642 0.063440
33.652 0.055101
33.662 0.014857
33.672 0.014246
33.682 0.050685
33.692 0.056956
33.702 0.040391
33.712 0.023151
33.722 0.031008
33.732 0.048025
33.742 0.046050
33.752 0.046611
33.762 0.048436
33.772 0.049878
33.782 0.044244
33.792 0.044149
33.802 0.042126
33.812 0.045999
33.822 0.047209
33.832 0.052177
33.842 0.062068
33.852 0.034179
33.862 0.116389
33.872 0.069411
33.882 0.044876
33.892 0.030065
33.902 0.032560
33.912 0.038940
33.922 0.036094
33.932 0.041337
33.942 0.050063
33.952 0.061292
33.963 0.065801
33.973 0.060961
33.983 0.052219
33.993 0.045580
34.003 0.042017
34.013 0.037619
34.023 0.041275
34.033 0.044701
34.043 0.045487
34.053 0.040391
34.063 0.045934
34.073 0.055655
34.083 0.055497
34.093 0.051458
34.103 0.044493
34.113 0.042917
34.123 0.035752
34.134 0.038971
34.144 0.034321
34.154 0.038032
34.164 0.048590
34.174 0.056236
34.184 0.060555
34.194 0.061104
34.204 0.058563
34.214 0.051716
34.224 0.051532
34.234 0.043704
34.244 0.060269
34.254 0.092634
34.264 0.054943
34.274 0.034791
34.284 0.054512
34.294 0.050383
34.304 0.045729
34.314 0.057063
34.324 0.053991
34.334 0.074122
34.344 0.071111
34.354 0.058308
34.364 0.034207
34.374 0.025639
34.384 0.031670
34.394 0.035286
34.404 0.030554
34.414 0.033834
34.424 0.037824
34.434 0.037822
34.444 0.037156
34.454 0.043597
34.464 0.047547
34.475 0.054714
34.485 0.057555
34.495 0.053086
34.505 0.050863
34.515 0.049492
34.525 0.048131
34.535 0.045011
34.545 0.047531
34.555 0.051118
34.565 0.053064
34.575 0.049076
34.585 0.049317
34.595 0.053495
34.605 0.048013
34.615 0.049725
34.625 0.054415
34.635 0.058638
34.646 0.041597
34.656 0.050044
34.666 0.058451
34.676 0.053375
34.686 0.054637
34.696 0.056114
34.706 0.054123
34.716 0.061204
34.726 0.056209
34.736 0.055551
34.746 0.058274
34.756 0.057040
34.766 0.040746
34.776 0.048543
34.786 0.063101
34.796 0.063437
34.806 0.065295
34.816 0.068303
34.826 0.065750
34.836 0.060205
34.846 0.047813
34.856 0.057106
34.866 0.057484
34.876 0.054401
34.886 0.064576
34.896 0.059637
34.906 0.054273
34.916 0.057597
34.926 0.061369
34.936 0.061750
34.946 0.068055
34.956 0.076459
34.966 0.069155
34.976 0.085303
34.987 0.064873
34.997 0.023801
35.007 0.048848
35.017 0.063422
35.027 0.056312
35.037 0.054823
35.047 0.066670
35.057 0.077015
35.067 0.084350
35.077 0.068637
35.087 0.035782
35.097 0.063713
35.107 0.077789
35.117 0.066005
35.127 0.071879
35.137 0.078274
35.147 0.082179
35.158 0.077087
35.168 0.081329
35.178 0.084206
35.188 0.080873
35.198 0.077176
35.208 0.075180
35.218 0.076119
35.228 0.071785
35.238 0.045201
35.248 0.045265
35.258 0.073646
35.268 0.061115
35.278 0.053090
35.288 0.064293
35.298 0.072967
35.308 0.074162
35.318 0.070624
35.328 0.066745
35.338 0.075368
35.348 0.076846
35.358 0.072429
35.368 0.069870
35.378 0.065597
35.388 0.057738
35.398 0.055875
35.408 0.063990
35.418 0.047762
35.428 0.031643
35.438 0.032784
35.448 0.064548
35.458 0.080977
35.468 0.059781
35.478 0.046246
35.488 0.066845
35.499 0.063552
35.509 0.091689
35.519 0.082046
35.529 0.070237
35.539 0.067256
35.549 0.070861
35.559 0.074548
35.569 0.076785
35.579 0.068999
35.589 0.075893
35.599 0.090942
35.609 0.094991
35.619 0.077358
35.629 0.080049
35.639 0.100044
35.649 0.110255
35.659 0.058983
35.670 0.001904
35.680 0.049926
35.690 0.094158
35.700 0.077939
35.710 0.097023
35.720 0.055089
35.730 0.001711
35.740 0.072702
35.750 0.063863
35.760 0.055442
35.770 0.067607
35.780 0.070714
35.790 0.064537
35.800 0.026333
35.810 0.018758
35.820 0.062140
35.830 0.060670
35.840 0.055915
35.850 0.061488
35.860 0.071433
35.870 0.069487
35.880 0.043364
35.890 0.060289
35.900 0.065823
35.910 0.131847
35.920 0.122343
35.930 0.100941
35.940 0.034081
35.950 0.040687
35.960 0.080506
35.970 0.069806
35.980 0.044162
35.990 0.067689
36.000 0.067120
36.011 0.040341
36.021 0.051175
36.031 0.142119
36.041 0.144885
36.051 -0.004741
36.061 -0.008283
36.071 0.064029
36.081 0.074403
36.091 0.089609
36.101 0.033524
36.111 -0.023249
36.121 0.044611
36.131 0.079224
36.141 0.069965
36.151 0.048088
36.161 0.019589
36.171 0.040409
36.182 0.070712
36.192 0.064697
